district,earnings $1 - $24'999,earnings $25'000 - 49'999,earnings $50'000 - 74'999,earnings $75'000 or more,state,median earnings
1,0.1348,0.394,0.2271,0.2441,alaska,35647
2,0.2156,0.3546,0.2046,0.2252,alaska,32057
3,0.0983,0.2734,0.3367,0.2916,alaska,47045
4,0.077,0.2266,0.2342,0.4621,alaska,47263
5,0.078,0.2609,0.2796,0.3815,alaska,41393
6,0.1928,0.3546,0.1976,0.255,alaska,32075
7,0.1422,0.3187,0.2398,0.2992,alaska,37729
8,0.1075,0.2443,0.2974,0.3507,alaska,41975
9,0.0923,0.2404,0.2669,0.4005,alaska,42906
10,0.1429,0.2924,0.2682,0.2965,alaska,35590
11,0.1079,0.2902,0.2611,0.3408,alaska,39983
12,0.0874,0.2319,0.2518,0.4289,alaska,48407
13,0.1836,0.3425,0.2093,0.2646,alaska,36133
14,0.0261,0.2504,0.2587,0.4648,alaska,57463
15,0.2084,0.4193,0.2564,0.1159,alaska,30654
16,0.076,0.3759,0.2833,0.2647,alaska,40918
17,0.1393,0.3528,0.2539,0.254,alaska,39157
18,0.1092,0.3554,0.2659,0.2696,alaska,38558
19,0.1897,0.4646,0.1954,0.1503,alaska,30898
20,0.11,0.3392,0.224,0.3269,alaska,37327
21,0.0705,0.248,0.2768,0.4046,alaska,51313
22,0.0934,0.3218,0.2309,0.3539,alaska,41856
23,0.1334,0.3166,0.2734,0.2766,alaska,41718
24,0.0779,0.229,0.214,0.4791,alaska,57676
25,0.129,0.263,0.2655,0.3425,alaska,44634
26,0.0789,0.1768,0.2622,0.4821,alaska,52944
27,0.0867,0.2417,0.3709,0.3008,alaska,47045
28,0.0624,0.1215,0.1708,0.6453,alaska,70546
29,0.0932,0.2882,0.2448,0.3738,alaska,37134
30,0.1377,0.3111,0.2465,0.3047,alaska,39550
31,0.12,0.2816,0.2983,0.3001,alaska,37905
32,0.2181,0.2851,0.2623,0.2345,alaska,32863
33,0.1127,0.3112,0.259,0.3171,alaska,39857
34,0.0754,0.2783,0.2704,0.3759,alaska,50644
35,0.0957,0.3597,0.2835,0.2611,alaska,37162
36,0.1209,0.3575,0.2719,0.2497,alaska,39473
37,0.156,0.31,0.2554,0.2786,alaska,35810
38,0.121,0.2916,0.3203,0.2671,alaska,25251
39,0.1682,0.2927,0.2431,0.296,alaska,24197
40,0.1069,0.2073,0.2669,0.4189,alaska,49828
1,0.2813,0.3712,0.1983,0.1491,arkansas,28198
2,0.2194,0.3951,0.2286,0.1569,arkansas,30338
3,0.3004,0.4335,0.1844,0.0818,arkansas,28342
4,0.2513,0.3861,0.2117,0.1509,arkansas,29693
5,0.2826,0.4186,0.1827,0.1162,arkansas,26160
6,0.1989,0.3838,0.21,0.2073,arkansas,35046
7,0.251,0.3648,0.2017,0.1825,arkansas,30734
8,0.2448,0.4375,0.2098,0.1079,arkansas,31559
9,0.1952,0.3997,0.2531,0.152,arkansas,32701
10,0.2241,0.3458,0.2413,0.1888,arkansas,36388
11,0.263,0.4857,0.1377,0.1137,arkansas,27903
12,0.218,0.4649,0.2217,0.0954,arkansas,31309
13,0.1952,0.4738,0.1919,0.1391,arkansas,32819
14,0.1739,0.4555,0.2274,0.1431,arkansas,32084
15,0.1172,0.4093,0.2645,0.2089,arkansas,37476
16,0.2233,0.434,0.2465,0.0963,arkansas,32318
17,0.2981,0.4865,0.1395,0.076,arkansas,22689
18,0.2432,0.4294,0.2047,0.1227,arkansas,23972
19,0.3038,0.4031,0.1641,0.129,arkansas,25451
20,0.3217,0.4081,0.1578,0.1123,arkansas,25318
21,0.2465,0.4401,0.2094,0.104,arkansas,29527
22,0.2947,0.4118,0.1738,0.1197,arkansas,24748
23,0.133,0.3536,0.2665,0.2469,arkansas,41565
24,0.2948,0.356,0.1999,0.1493,arkansas,26680
25,0.238,0.4472,0.1631,0.1517,arkansas,27037
26,0.2277,0.4832,0.1806,0.1085,arkansas,28915
27,0.17,0.3636,0.2917,0.1747,arkansas,40745
28,0.1974,0.402,0.2474,0.1532,arkansas,34961
29,0.2563,0.4753,0.1746,0.0938,arkansas,29371
30,0.1948,0.4586,0.1509,0.1957,arkansas,32779
31,0.0851,0.3193,0.2294,0.3662,arkansas,46225
32,0.1229,0.2672,0.189,0.4209,arkansas,49101
33,0.152,0.3251,0.2792,0.2438,arkansas,40753
34,0.2918,0.4352,0.1817,0.0912,arkansas,28357
35,0.0954,0.3079,0.2614,0.3354,arkansas,45442
36,0.2512,0.5164,0.1632,0.0692,arkansas,30048
37,0.2447,0.5147,0.1342,0.1064,arkansas,25228
38,0.1243,0.4094,0.2434,0.2229,arkansas,38460
39,0.1473,0.3779,0.2504,0.2244,arkansas,37262
40,0.1602,0.4359,0.2614,0.1425,arkansas,33423
41,0.1537,0.3639,0.2719,0.2105,arkansas,37684
42,0.2086,0.5031,0.162,0.1263,arkansas,29820
43,0.1793,0.4027,0.2511,0.167,arkansas,37766
44,0.1628,0.4224,0.2331,0.1817,arkansas,36890
45,0.2264,0.4053,0.2359,0.1323,arkansas,29512
46,0.2462,0.3882,0.2112,0.1544,arkansas,24703
47,0.2312,0.4527,0.2048,0.1113,arkansas,27469
48,0.3229,0.4438,0.1204,0.1129,arkansas,25110
49,0.2378,0.4377,0.2045,0.1201,arkansas,30546
50,0.2754,0.3834,0.1963,0.1449,arkansas,26983
51,0.1541,0.461,0.2277,0.1572,arkansas,36118
52,0.1936,0.4363,0.246,0.1241,arkansas,30725
53,0.2004,0.4262,0.2304,0.143,arkansas,29575
54,0.1963,0.4364,0.1818,0.1856,arkansas,31996
55,0.2691,0.4645,0.1346,0.1318,arkansas,27640
56,0.2479,0.4481,0.1953,0.1087,arkansas,28795
57,0.1907,0.4512,0.2347,0.1234,arkansas,29230
58,0.2354,0.362,0.1896,0.213,arkansas,30346
59,0.2155,0.5016,0.1545,0.1284,arkansas,28048
60,0.22,0.4661,0.2274,0.0864,arkansas,26412
61,0.2428,0.4454,0.1708,0.1411,arkansas,27249
62,0.2638,0.4728,0.1779,0.0856,arkansas,24556
63,0.2348,0.4621,0.1711,0.132,arkansas,28055
64,0.25,0.4642,0.2014,0.0844,arkansas,26010
65,0.2368,0.3772,0.2298,0.1562,arkansas,27592
66,0.1982,0.4379,0.2068,0.1571,arkansas,29990
67,0.1376,0.3405,0.2715,0.2504,arkansas,41897
68,0.2826,0.3343,0.2112,0.1719,arkansas,30791
69,0.2653,0.422,0.1698,0.143,arkansas,27094
70,0.232,0.3751,0.2165,0.1763,arkansas,30503
71,0.3476,0.3514,0.1719,0.1291,arkansas,19596
72,0.2718,0.4441,0.1724,0.1117,arkansas,26399
73,0.2621,0.4355,0.2096,0.0928,arkansas,28247
74,0.2559,0.4619,0.1836,0.0986,arkansas,27489
75,0.183,0.4382,0.2201,0.1587,arkansas,33655
76,0.1804,0.3761,0.2008,0.2427,arkansas,32725
77,0.2377,0.3846,0.1712,0.2066,arkansas,29023
78,0.2874,0.5413,0.1121,0.0591,arkansas,25190
79,0.283,0.3742,0.2268,0.116,arkansas,27204
80,0.1723,0.4552,0.1992,0.1733,arkansas,32660
81,0.1675,0.4379,0.2012,0.1935,arkansas,35505
82,0.2202,0.4783,0.2201,0.0814,arkansas,28470
83,0.2201,0.5195,0.164,0.0964,arkansas,27378
84,0.1241,0.333,0.2801,0.2628,arkansas,41506
85,0.1363,0.415,0.2155,0.2332,arkansas,32231
86,0.2294,0.375,0.2296,0.1661,arkansas,21818
87,0.1874,0.4225,0.189,0.2011,arkansas,33534
88,0.1913,0.4136,0.1846,0.2105,arkansas,30767
89,0.2952,0.4919,0.1343,0.0786,arkansas,26291
90,0.1137,0.3564,0.2144,0.3155,arkansas,43133
91,0.1435,0.2977,0.2413,0.3175,arkansas,43140
92,0.1434,0.3881,0.2149,0.2537,arkansas,37905
93,0.1105,0.269,0.1936,0.4269,arkansas,52302
94,0.2055,0.4811,0.1616,0.1518,arkansas,32184
95,0.1648,0.3908,0.1936,0.2509,arkansas,34472
96,0.2246,0.4204,0.1877,0.1673,arkansas,32775
97,0.1429,0.4331,0.2302,0.1937,arkansas,31068
98,0.2311,0.4658,0.2014,0.1017,arkansas,28780
99,0.2649,0.4743,0.1407,0.1202,arkansas,24973
100,0.2582,0.4891,0.0951,0.1576,arkansas,28664
1,0.1296,0.3337,0.2356,0.301,california,33844
2,0.1477,0.3428,0.2072,0.3023,california,32166
3,0.1738,0.3852,0.2044,0.2366,california,30420
4,0.1293,0.3207,0.2199,0.3302,california,35559
5,0.1585,0.3445,0.2262,0.2708,california,32451
6,0.0766,0.21,0.1992,0.5142,california,52499
7,0.1286,0.3345,0.2436,0.2933,california,38861
8,0.1393,0.3495,0.2343,0.2769,california,35965
9,0.1479,0.3342,0.2313,0.2867,california,36456
10,0.0872,0.237,0.1905,0.4853,california,46965
11,0.106,0.2935,0.2404,0.36,california,41617
12,0.13,0.3417,0.2263,0.302,california,37308
13,0.1573,0.3689,0.2248,0.2489,california,34196
14,0.1009,0.2567,0.2314,0.4109,california,44825
15,0.0898,0.242,0.2094,0.4588,california,46367
16,0.047,0.1144,0.141,0.6976,california,78539
17,0.0666,0.1762,0.1647,0.5925,california,66484
18,0.116,0.2821,0.2248,0.377,california,43771
19,0.0779,0.2009,0.2156,0.5056,california,56141
20,0.0734,0.2638,0.2443,0.4185,california,51422
21,0.171,0.4315,0.2096,0.1879,california,30009
22,0.071,0.176,0.1674,0.5855,california,64001
23,0.1316,0.337,0.224,0.3074,california,37283
24,0.065,0.1422,0.1335,0.6593,california,74969
25,0.0638,0.1887,0.1768,0.5707,california,62535
26,0.2081,0.4163,0.1943,0.1813,california,28111
27,0.1157,0.3416,0.1942,0.3484,california,39944
28,0.0575,0.1505,0.1477,0.6443,california,72680
29,0.1006,0.2351,0.2013,0.4629,california,43571
30,0.1698,0.3581,0.1901,0.2819,california,31448
31,0.2606,0.4348,0.1693,0.1354,california,24761
32,0.2739,0.4186,0.178,0.1295,california,25203
33,0.2024,0.3632,0.2173,0.2171,california,31205
34,0.1555,0.3103,0.2295,0.3046,california,36179
35,0.1624,0.3597,0.2012,0.2768,california,31602
36,0.1536,0.3767,0.2076,0.262,california,36418
37,0.1186,0.3088,0.2143,0.3583,california,35106
38,0.0984,0.243,0.2001,0.4584,california,47189
39,0.1955,0.4054,0.2028,0.1963,california,31593
40,0.1633,0.3449,0.2206,0.2712,california,33977
41,0.1124,0.2429,0.2058,0.4389,california,45593
42,0.1791,0.341,0.2039,0.276,california,32877
43,0.1419,0.2634,0.2104,0.3844,california,42555
44,0.1375,0.3153,0.1914,0.3557,california,36995
45,0.1434,0.29,0.1939,0.3727,california,39630
46,0.1827,0.3281,0.1908,0.2984,california,35258
47,0.1932,0.4157,0.2139,0.1772,california,31391
48,0.1919,0.3832,0.2062,0.2186,california,31145
49,0.1971,0.3395,0.1962,0.2672,california,34194
50,0.0809,0.1765,0.2073,0.5353,california,59062
51,0.2032,0.3887,0.194,0.2141,california,31351
52,0.2127,0.402,0.2056,0.1796,california,30491
53,0.2875,0.4154,0.145,0.1521,california,26698
54,0.1364,0.2789,0.2057,0.379,california,40833
55,0.1106,0.281,0.2222,0.3863,california,43753
56,0.2287,0.412,0.1797,0.1797,california,26759
57,0.1571,0.3867,0.2234,0.2328,california,35539
58,0.1797,0.4011,0.207,0.2122,california,33036
59,0.3479,0.4571,0.1226,0.0723,california,23286
60,0.1632,0.3463,0.2129,0.2776,california,35399
61,0.1785,0.3979,0.2138,0.2098,california,31489
62,0.1544,0.3257,0.1932,0.3267,california,37452
63,0.2305,0.4411,0.1794,0.149,california,29160
64,0.2431,0.4315,0.1779,0.1474,california,27777
65,0.1535,0.3387,0.216,0.2918,california,36060
66,0.0993,0.2229,0.1896,0.4882,california,51941
67,0.1266,0.2989,0.2336,0.3409,california,37401
68,0.0947,0.2272,0.2022,0.4759,california,50611
69,0.2262,0.4453,0.1736,0.1549,california,29782
70,0.152,0.316,0.2038,0.3282,california,38245
71,0.1453,0.3165,0.2296,0.3086,california,36183
72,0.1412,0.3257,0.1999,0.3332,california,36652
73,0.0758,0.1972,0.1783,0.5486,california,55338
74,0.0825,0.2054,0.1939,0.5183,california,52830
75,0.1443,0.3167,0.2012,0.3377,california,37344
76,0.1841,0.2918,0.18,0.3441,california,36496
77,0.0759,0.2134,0.1845,0.5262,california,55340
78,0.1036,0.2477,0.2347,0.414,california,48132
79,0.1282,0.3311,0.2333,0.3073,california,37361
80,0.2285,0.4261,0.1975,0.148,california,29861
1,0.1478,0.4176,0.2308,0.2038,colorado,36509
2,0.0714,0.2473,0.2755,0.4058,colorado,51446
3,0.0985,0.3004,0.2372,0.3638,colorado,44528
4,0.1208,0.321,0.2256,0.3326,colorado,42917
5,0.1168,0.3046,0.2478,0.3309,colorado,45493
6,0.0795,0.2964,0.206,0.4181,colorado,46964
7,0.1186,0.3672,0.2452,0.269,colorado,38579
8,0.0823,0.2808,0.2492,0.3877,colorado,47988
9,0.0891,0.3302,0.2884,0.2923,colorado,42798
10,0.1178,0.2873,0.195,0.3999,colorado,29121
11,0.1086,0.2849,0.24,0.3665,colorado,40053
12,0.0785,0.2781,0.2175,0.4259,colorado,45626
13,0.1033,0.2919,0.1952,0.4096,colorado,37403
14,0.0734,0.2917,0.2183,0.4166,colorado,44405
15,0.1191,0.3618,0.2367,0.2823,colorado,40439
16,0.1548,0.4092,0.2376,0.1984,colorado,31477
17,0.2543,0.4633,0.1887,0.0937,colorado,27244
18,0.1686,0.3872,0.2102,0.234,colorado,32039
19,0.0962,0.2314,0.2445,0.428,colorado,46758
20,0.2017,0.2774,0.1897,0.3312,colorado,36481
21,0.1753,0.4456,0.2445,0.1346,colorado,32828
22,0.067,0.2373,0.2508,0.4449,colorado,51767
23,0.1141,0.3506,0.2568,0.2785,colorado,39237
24,0.1001,0.3163,0.2214,0.3622,colorado,40214
25,0.0733,0.1845,0.2123,0.5299,colorado,54744
26,0.1238,0.3683,0.243,0.2649,colorado,39941
27,0.0585,0.2416,0.2621,0.4378,colorado,51753
28,0.116,0.3527,0.2484,0.2829,colorado,40622
29,0.1037,0.3229,0.289,0.2844,colorado,41927
30,0.1428,0.3874,0.2481,0.2216,colorado,38767
31,0.1063,0.3713,0.2925,0.2299,colorado,38329
32,0.1598,0.4491,0.2288,0.1622,colorado,33514
33,0.0668,0.2317,0.2188,0.4828,colorado,52196
34,0.1342,0.4264,0.2477,0.1917,colorado,35214
35,0.1242,0.3618,0.2585,0.2555,colorado,38869
36,0.1268,0.3509,0.2658,0.2566,colorado,41355
37,0.0675,0.2057,0.2339,0.493,colorado,54850
38,0.0728,0.2392,0.2378,0.4502,colorado,49783
39,0.0865,0.2223,0.1945,0.4966,colorado,50160
40,0.1053,0.3834,0.2821,0.2291,colorado,40968
41,0.1358,0.4319,0.223,0.2093,colorado,35928
42,0.1742,0.5301,0.2098,0.0859,colorado,30951
43,0.0606,0.2052,0.2093,0.525,colorado,55011
44,0.0624,0.2315,0.2165,0.4896,colorado,52044
45,0.0626,0.2023,0.2015,0.5336,colorado,54703
46,0.1765,0.3788,0.243,0.2016,colorado,32324
47,0.1783,0.3696,0.2648,0.1872,colorado,32388
48,0.0974,0.3284,0.281,0.2932,colorado,41553
49,0.0959,0.2738,0.2406,0.3897,colorado,43974
50,0.2103,0.4698,0.2116,0.1083,colorado,27425
51,0.1113,0.3682,0.2439,0.2765,colorado,38601
52,0.1446,0.3116,0.2257,0.3181,colorado,36019
53,0.1542,0.3708,0.2307,0.2444,colorado,23206
54,0.1669,0.3896,0.2369,0.2067,colorado,31333
55,0.1303,0.4253,0.2231,0.2213,colorado,31643
56,0.0885,0.2892,0.2409,0.3814,colorado,46029
57,0.1336,0.3807,0.2352,0.2506,colorado,36476
58,0.1876,0.4058,0.2343,0.1723,colorado,31384
59,0.1558,0.3756,0.2295,0.2391,colorado,31804
60,0.1588,0.3702,0.2443,0.2267,colorado,34137
61,0.1503,0.4049,0.2172,0.2276,colorado,38717
62,0.2185,0.4522,0.1965,0.1328,colorado,25704
63,0.1094,0.3107,0.2707,0.3091,colorado,42261
64,0.1697,0.3704,0.2086,0.2513,colorado,34155
65,0.1831,0.4449,0.231,0.141,colorado,31595
1,0.1683,0.4496,0.2229,0.1592,connecticut,29357
2,0.0765,0.2129,0.2299,0.4808,connecticut,50321
3,0.1616,0.5307,0.1754,0.1322,connecticut,27758
4,0.1813,0.3798,0.2011,0.2378,connecticut,26936
5,0.1518,0.3888,0.2523,0.2071,connecticut,34408
6,0.1894,0.4989,0.1911,0.1206,connecticut,29566
7,0.1928,0.4892,0.1617,0.1563,connecticut,26264
8,0.0544,0.2288,0.2822,0.4345,connecticut,54666
9,0.0798,0.353,0.2857,0.2815,connecticut,40990
10,0.1325,0.3569,0.249,0.2616,connecticut,33750
11,0.1451,0.326,0.2285,0.3005,connecticut,36021
12,0.0629,0.3266,0.3323,0.2782,connecticut,46565
13,0.0858,0.272,0.2412,0.401,connecticut,46171
14,0.0564,0.1767,0.2034,0.5634,connecticut,63424
15,0.0578,0.2873,0.2722,0.3828,connecticut,44170
16,0.0379,0.1418,0.153,0.6673,connecticut,70014
17,0.0354,0.1629,0.2029,0.5988,connecticut,66453
18,0.0511,0.1691,0.2515,0.5282,connecticut,60523
19,0.0266,0.1034,0.1916,0.6784,connecticut,74329
20,0.1189,0.2657,0.2578,0.3577,connecticut,44985
21,0.0653,0.198,0.2108,0.5259,connecticut,56227
22,0.108,0.2837,0.3317,0.2766,connecticut,43878
23,0.0692,0.2132,0.1839,0.5337,connecticut,49427
24,0.1173,0.4426,0.2529,0.1872,connecticut,37322
25,0.1795,0.5509,0.1594,0.1102,connecticut,30162
26,0.1391,0.3747,0.2941,0.192,connecticut,33833
27,0.0681,0.2467,0.3129,0.3722,connecticut,48121
28,0.0606,0.1961,0.2406,0.5026,connecticut,53467
29,0.0526,0.1882,0.3041,0.4551,connecticut,59088
30,0.0651,0.2222,0.2583,0.4545,connecticut,53179
31,0.0244,0.1347,0.1962,0.6447,connecticut,66641
32,0.0548,0.2425,0.2377,0.465,connecticut,55180
33,0.0824,0.3074,0.2655,0.3448,connecticut,41158
34,0.0524,0.1955,0.2543,0.4977,connecticut,54056
35,0.0699,0.2491,0.2418,0.4392,connecticut,47902
36,0.0376,0.1897,0.2779,0.4948,connecticut,54281
37,0.0809,0.1721,0.2327,0.5143,connecticut,53016
38,0.0509,0.2573,0.2867,0.4051,connecticut,46608
39,0.2696,0.3618,0.2106,0.158,connecticut,22118
40,0.2179,0.2894,0.2452,0.2475,connecticut,33653
41,0.0767,0.3307,0.2586,0.334,connecticut,37692
42,0.0586,0.3168,0.2758,0.3488,connecticut,42817
43,0.0483,0.2584,0.2094,0.4839,connecticut,47014
44,0.0573,0.4233,0.3157,0.2037,connecticut,39411
45,0.0998,0.3691,0.2662,0.2649,connecticut,41058
46,0.1515,0.44,0.213,0.1955,connecticut,31928
47,0.081,0.2765,0.28,0.3625,connecticut,43268
48,0.0614,0.2243,0.2442,0.4701,connecticut,54107
49,0.1869,0.5028,0.1899,0.1204,connecticut,22246
50,0.0889,0.2233,0.2879,0.3998,connecticut,43775
51,0.1092,0.3411,0.3157,0.234,connecticut,40742
52,0.0945,0.2898,0.2729,0.3428,connecticut,45498
53,0.0569,0.1714,0.2512,0.5205,connecticut,52595
54,0.202,0.1803,0.2044,0.4133,connecticut,4901
55,0.0444,0.1574,0.3132,0.485,connecticut,56857
56,0.0959,0.3423,0.2594,0.3025,connecticut,41767
57,0.0606,0.2096,0.2704,0.4594,connecticut,56436
58,0.0617,0.3788,0.2956,0.264,connecticut,39864
59,0.0651,0.2684,0.2941,0.3724,connecticut,47763
60,0.0775,0.2798,0.2845,0.3582,connecticut,47807
61,0.0568,0.1664,0.2658,0.511,connecticut,54399
62,0.0716,0.2042,0.2459,0.4783,connecticut,53564
63,0.0881,0.2724,0.3518,0.2877,connecticut,38952
64,0.0856,0.2738,0.2655,0.3751,connecticut,41286
65,0.1031,0.4812,0.2403,0.1753,connecticut,32186
66,0.0691,0.2124,0.2358,0.4828,connecticut,51076
67,0.095,0.2877,0.2438,0.3735,connecticut,42464
68,0.0966,0.2824,0.2991,0.3219,connecticut,42691
69,0.0436,0.1983,0.2128,0.5453,connecticut,54430
70,0.0996,0.2919,0.2796,0.3289,connecticut,42001
71,0.1173,0.3229,0.2226,0.3372,connecticut,38171
72,0.1841,0.4545,0.2129,0.1485,connecticut,30629
73,0.1247,0.3877,0.2775,0.2101,connecticut,38027
74,0.1258,0.3678,0.351,0.1554,connecticut,33211
75,0.1975,0.4734,0.2084,0.1207,connecticut,25501
76,0.0887,0.214,0.2751,0.4221,connecticut,51963
77,0.0725,0.323,0.3281,0.2765,connecticut,45498
78,0.0777,0.288,0.3258,0.3084,connecticut,47818
79,0.1213,0.3568,0.2949,0.227,connecticut,39368
80,0.0576,0.2461,0.2478,0.4485,connecticut,51556
81,0.0896,0.2937,0.2381,0.3787,connecticut,46958
82,0.0773,0.3112,0.2788,0.3328,connecticut,45627
83,0.0542,0.2738,0.3119,0.3601,connecticut,50255
84,0.1106,0.5385,0.2176,0.1332,connecticut,36755
85,0.0428,0.3067,0.3359,0.3146,connecticut,48471
86,0.0532,0.2184,0.2625,0.466,connecticut,54967
87,0.0494,0.232,0.2755,0.4431,connecticut,54595
88,0.0779,0.211,0.2704,0.4407,connecticut,33388
89,0.0781,0.1918,0.2552,0.4749,connecticut,58980
90,0.0603,0.2732,0.253,0.4134,connecticut,52152
91,0.0849,0.24,0.3013,0.3738,connecticut,45446
92,0.1359,0.3853,0.2223,0.2565,connecticut,32165
93,0.1602,0.4168,0.2876,0.1354,connecticut,19252
94,0.0933,0.4036,0.2325,0.2706,connecticut,30652
95,0.2108,0.4224,0.2412,0.1256,connecticut,25832
96,0.1019,0.2826,0.2587,0.3569,connecticut,41821
97,0.1564,0.392,0.2047,0.247,connecticut,32866
98,0.0537,0.1778,0.2202,0.5483,connecticut,54049
99,0.1058,0.3418,0.3056,0.2468,connecticut,41471
100,0.1346,0.3345,0.2145,0.3164,connecticut,38854
101,0.043,0.2081,0.1742,0.5746,connecticut,52952
102,0.0638,0.2475,0.3468,0.3419,connecticut,52580
103,0.0331,0.1303,0.2852,0.5514,connecticut,64375
104,0.1521,0.3258,0.2464,0.2757,connecticut,34390
105,0.0838,0.225,0.3163,0.375,connecticut,47650
106,0.0436,0.2021,0.1842,0.57,connecticut,53541
107,0.0768,0.1985,0.2175,0.5071,connecticut,50904
108,0.0911,0.2466,0.2299,0.4324,connecticut,46665
109,0.1513,0.301,0.2296,0.3181,connecticut,33499
110,0.1767,0.4376,0.2,0.1857,connecticut,30290
111,0.0596,0.1438,0.1483,0.6483,connecticut,74511
112,0.0412,0.1674,0.2,0.5914,connecticut,55123
113,0.0612,0.2293,0.2785,0.431,connecticut,51970
114,0.0757,0.1959,0.2308,0.4976,connecticut,58831
115,0.1751,0.3553,0.2862,0.1834,connecticut,32103
116,0.191,0.3685,0.265,0.1755,connecticut,27440
117,0.0306,0.2484,0.3002,0.4208,connecticut,50396
118,0.0437,0.2448,0.241,0.4705,connecticut,53044
119,0.0417,0.1964,0.2119,0.5499,connecticut,62885
120,0.0654,0.2336,0.2884,0.4126,connecticut,50209
121,0.1205,0.3552,0.2389,0.2854,connecticut,39346
122,0.0398,0.1826,0.2057,0.5719,connecticut,57126
123,0.0517,0.1763,0.1829,0.5892,connecticut,59883
124,0.1684,0.5226,0.2041,0.1049,connecticut,29479
125,0.0321,0.1018,0.0916,0.7746,connecticut,83590
126,0.1184,0.4228,0.2639,0.195,connecticut,35610
127,0.1076,0.4021,0.2993,0.1909,connecticut,31084
128,0.2433,0.5108,0.1559,0.09,connecticut,23462
129,0.1642,0.3519,0.233,0.2509,connecticut,32867
130,0.2301,0.4533,0.1882,0.1284,connecticut,23295
131,0.0613,0.1946,0.2966,0.4475,connecticut,53247
132,0.048,0.1094,0.1347,0.708,connecticut,73656
133,0.0565,0.2202,0.214,0.5092,connecticut,48468
134,0.0488,0.1564,0.1774,0.6174,connecticut,51596
135,0.0477,0.1328,0.1571,0.6624,connecticut,70141
136,0.0263,0.1049,0.1074,0.7614,connecticut,91643
137,0.0845,0.2819,0.2168,0.4167,connecticut,48888
138,0.0672,0.2334,0.2557,0.4437,connecticut,45510
139,0.0845,0.3824,0.274,0.2592,connecticut,40124
140,0.1665,0.3877,0.1788,0.267,connecticut,34570
141,0.0283,0.1192,0.1074,0.7452,connecticut,86863
142,0.067,0.1664,0.1923,0.5744,connecticut,58831
143,0.0549,0.1852,0.1544,0.6056,connecticut,56148
144,0.0595,0.1808,0.1682,0.5916,connecticut,63027
145,0.1167,0.3782,0.2049,0.3002,connecticut,35053
146,0.0646,0.196,0.2158,0.5236,connecticut,59184
147,0.0437,0.1912,0.137,0.6281,connecticut,58876
148,0.1267,0.313,0.2513,0.309,connecticut,36141
149,0.0479,0.1286,0.1174,0.7062,connecticut,77091
150,0.0825,0.1626,0.1559,0.599,connecticut,52983
151,0.0332,0.1202,0.1048,0.7418,connecticut,85400
1,0.15,0.3837,0.2369,0.2294,delaware,35569
2,0.1658,0.4346,0.2492,0.1504,delaware,28714
3,0.254,0.3394,0.2507,0.1558,delaware,26687
4,0.0484,0.2357,0.2909,0.425,delaware,58365
5,0.1497,0.3793,0.2596,0.2114,delaware,35854
6,0.0638,0.2324,0.2633,0.4404,delaware,50621
7,0.0837,0.313,0.277,0.3263,delaware,46048
8,0.0983,0.2939,0.2504,0.3574,delaware,48915
9,0.0766,0.2012,0.2173,0.505,delaware,61201
10,0.127,0.24,0.2377,0.3953,delaware,44922
11,0.1087,0.3403,0.2466,0.3045,delaware,41078
12,0.077,0.1319,0.1736,0.6176,delaware,65492
13,0.1467,0.4257,0.2431,0.1845,delaware,33814
14,0.0949,0.3015,0.1977,0.4059,delaware,40227
15,0.08,0.2924,0.2423,0.3852,delaware,44557
16,0.1853,0.3572,0.2688,0.1887,delaware,37489
17,0.1641,0.3946,0.237,0.2043,delaware,37166
18,0.1356,0.384,0.2423,0.238,delaware,38662
19,0.0932,0.3735,0.2881,0.2452,delaware,36679
20,0.1225,0.3174,0.2751,0.285,delaware,35552
21,0.0956,0.2789,0.2695,0.356,delaware,45984
22,0.0615,0.1564,0.2293,0.5529,delaware,58780
23,0.0927,0.3349,0.1777,0.3947,delaware,25639
24,0.1655,0.3891,0.233,0.2124,delaware,31827
25,0.061,0.4331,0.1914,0.3145,delaware,25626
26,0.1424,0.3124,0.2568,0.2883,delaware,42183
27,0.0467,0.2538,0.2327,0.4667,delaware,54030
28,0.1481,0.4171,0.2855,0.1493,delaware,37252
29,0.1016,0.4072,0.2734,0.2179,delaware,42285
30,0.1494,0.4699,0.2475,0.1331,delaware,35409
31,0.1909,0.4674,0.1626,0.1791,delaware,22027
32,0.2066,0.3937,0.2324,0.1673,delaware,28801
33,0.1624,0.4191,0.248,0.1706,delaware,31383
34,0.1727,0.3117,0.2808,0.2348,delaware,35401
35,0.1446,0.5252,0.1959,0.1344,delaware,31462
36,0.1011,0.4548,0.2837,0.1605,delaware,35985
37,0.2028,0.4148,0.2353,0.1472,delaware,30850
38,0.0958,0.3333,0.1914,0.3795,delaware,36524
39,0.1911,0.3682,0.2347,0.2059,delaware,32066
40,0.1516,0.4472,0.244,0.1572,delaware,31865
41,0.1445,0.4136,0.2548,0.187,delaware,34396
1,0.1735,0.4526,0.2186,0.1553,florida,30387
2,0.1829,0.4075,0.1947,0.2149,florida,30769
3,0.178,0.3709,0.2291,0.222,florida,34695
4,0.181,0.3869,0.2065,0.2256,florida,32019
5,0.2067,0.4301,0.1998,0.1634,florida,30836
6,0.1863,0.4363,0.1885,0.1889,florida,31556
7,0.2097,0.4542,0.1945,0.1416,florida,31537
8,0.2604,0.4933,0.1667,0.0796,florida,23014
9,0.1081,0.3444,0.2647,0.2829,florida,38522
10,0.1994,0.4515,0.2065,0.1427,florida,30019
11,0.137,0.3515,0.214,0.2975,florida,39893
12,0.1244,0.4026,0.2342,0.2388,florida,37857
13,0.2644,0.4533,0.1696,0.1127,florida,27081
14,0.213,0.4643,0.2019,0.1208,florida,29847
15,0.1685,0.4458,0.2254,0.1604,florida,33661
16,0.1163,0.378,0.2347,0.271,florida,41029
17,0.0999,0.2797,0.2055,0.4148,florida,42380
18,0.1468,0.3892,0.2337,0.2302,florida,36403
19,0.2208,0.4553,0.193,0.1309,florida,28919
20,0.2498,0.4339,0.1728,0.1436,florida,24763
21,0.1685,0.3581,0.2193,0.254,florida,31537
22,0.2131,0.4644,0.1766,0.1459,florida,29114
23,0.2447,0.4518,0.1696,0.1339,florida,28255
24,0.1932,0.3856,0.2158,0.2054,florida,31165
25,0.1796,0.3822,0.2246,0.2136,florida,32027
26,0.2331,0.4534,0.1839,0.1296,florida,29068
27,0.1788,0.4508,0.2202,0.1502,florida,33028
28,0.1233,0.358,0.2154,0.3033,florida,39311
29,0.142,0.3402,0.2025,0.3153,florida,39652
30,0.1461,0.4038,0.2296,0.2204,florida,35816
31,0.1855,0.3908,0.2182,0.2055,florida,33493
32,0.2266,0.4075,0.1804,0.1855,florida,30714
33,0.2388,0.4356,0.1778,0.1478,florida,24692
34,0.2316,0.439,0.1619,0.1675,florida,27430
35,0.2038,0.4402,0.1989,0.157,florida,29582
36,0.2214,0.495,0.1786,0.1049,florida,28701
37,0.1299,0.3229,0.2384,0.3088,florida,40438
38,0.1672,0.3699,0.2387,0.2242,florida,35598
39,0.2212,0.4355,0.1828,0.1605,florida,30550
40,0.1993,0.4416,0.202,0.157,florida,31782
41,0.2396,0.4529,0.1784,0.1291,florida,28359
42,0.2273,0.4183,0.19,0.1644,florida,30493
43,0.2946,0.4791,0.1399,0.0865,florida,25515
44,0.1502,0.3061,0.2004,0.3433,florida,41162
45,0.2523,0.4473,0.1818,0.1186,florida,27508
46,0.3335,0.4455,0.1487,0.0723,florida,24398
47,0.1293,0.3289,0.2278,0.3141,florida,43081
48,0.2784,0.4652,0.1578,0.0986,florida,26437
49,0.2078,0.4225,0.1937,0.176,florida,29363
50,0.1242,0.3437,0.2278,0.3043,florida,40591
51,0.1588,0.3746,0.2066,0.26,florida,34715
52,0.151,0.317,0.2053,0.3267,florida,36088
53,0.1879,0.438,0.1902,0.1839,florida,30306
54,0.2104,0.4126,0.1872,0.1898,florida,29147
55,0.241,0.441,0.1831,0.135,florida,27327
56,0.2548,0.4564,0.1629,0.1259,florida,29862
57,0.1287,0.353,0.2475,0.2707,florida,39862
58,0.1792,0.444,0.201,0.1757,florida,31695
59,0.1426,0.4083,0.2255,0.2236,florida,36645
60,0.1067,0.2856,0.2112,0.3965,florida,46541
61,0.2614,0.4782,0.1582,0.1022,florida,26658
62,0.2543,0.4567,0.1749,0.1141,florida,28817
63,0.1509,0.3757,0.2001,0.2733,florida,35041
64,0.0887,0.2994,0.2316,0.3803,florida,45609
65,0.125,0.351,0.2204,0.3036,florida,37618
66,0.1546,0.3804,0.1941,0.271,florida,35723
67,0.2025,0.4354,0.203,0.1591,florida,31565
68,0.143,0.4031,0.2072,0.2468,florida,37425
69,0.1457,0.3923,0.2025,0.2596,florida,35168
70,0.2395,0.4726,0.1677,0.1203,florida,28233
71,0.1911,0.4325,0.1865,0.1899,florida,30869
72,0.1768,0.3865,0.2151,0.2215,florida,33903
73,0.1289,0.3289,0.2324,0.3098,florida,38092
74,0.173,0.3832,0.2273,0.2164,florida,31529
75,0.1893,0.4015,0.2183,0.191,florida,29195
76,0.1705,0.3608,0.218,0.2507,florida,35098
77,0.1754,0.4149,0.2326,0.1771,florida,32466
78,0.1971,0.4097,0.1913,0.202,florida,31192
79,0.2416,0.4671,0.1813,0.11,florida,27271
80,0.2193,0.3848,0.1931,0.2028,florida,31131
81,0.1622,0.3136,0.1891,0.3351,florida,35101
82,0.1605,0.3145,0.1956,0.3293,florida,35826
83,0.1848,0.398,0.2026,0.2146,florida,33499
84,0.2314,0.4416,0.1808,0.1461,florida,29828
85,0.1069,0.3378,0.2245,0.3308,florida,42368
86,0.1446,0.3497,0.225,0.2807,florida,36161
87,0.3055,0.4528,0.1507,0.091,florida,25781
88,0.2655,0.4212,0.1757,0.1377,florida,27179
89,0.129,0.285,0.2211,0.3648,florida,41332
90,0.1631,0.4017,0.2309,0.2043,florida,32858
91,0.1093,0.3042,0.2329,0.3536,florida,40819
92,0.2513,0.4496,0.1697,0.1295,florida,26929
93,0.1202,0.3059,0.2113,0.3627,florida,42260
94,0.2265,0.4038,0.1931,0.1765,florida,30084
95,0.267,0.4764,0.1738,0.0827,florida,26872
96,0.1365,0.3416,0.2213,0.3005,florida,39505
97,0.1566,0.3495,0.2403,0.2536,florida,36604
98,0.1488,0.3601,0.197,0.2941,florida,37642
99,0.1592,0.3594,0.2327,0.2487,florida,36290
100,0.1665,0.3505,0.1801,0.3029,florida,37290
101,0.2485,0.4626,0.1779,0.1111,florida,27134
102,0.1975,0.5049,0.2034,0.0942,florida,32888
103,0.2083,0.4133,0.1906,0.1878,florida,33045
104,0.1156,0.2993,0.2027,0.3824,florida,43852
105,0.2377,0.4126,0.1656,0.184,florida,31035
106,0.1551,0.3356,0.1838,0.3255,florida,35476
107,0.276,0.4597,0.1669,0.0974,florida,28193
108,0.2855,0.4593,0.1364,0.1188,florida,27174
109,0.2945,0.441,0.1453,0.1192,florida,27244
110,0.3067,0.4416,0.1518,0.0999,florida,27081
111,0.3555,0.4241,0.1495,0.0709,florida,25647
112,0.1835,0.271,0.1862,0.3592,florida,41635
113,0.2778,0.3289,0.1544,0.2389,florida,31020
114,0.1923,0.3513,0.1738,0.2826,florida,36107
115,0.1805,0.3322,0.191,0.2963,florida,38508
116,0.252,0.38,0.169,0.1989,florida,31348
117,0.3015,0.4584,0.1474,0.0927,florida,25958
118,0.214,0.3776,0.2096,0.1988,florida,33361
119,0.2172,0.3738,0.2011,0.2079,florida,35229
120,0.2107,0.3837,0.1961,0.2095,florida,32299
1,0.1802,0.4446,0.2251,0.1502,georgia,29519
2,0.1706,0.4471,0.2414,0.1409,georgia,31695
3,0.1496,0.418,0.2391,0.1933,georgia,33307
4,0.2895,0.4848,0.1358,0.09,georgia,28544
5,0.2341,0.4415,0.2132,0.1112,georgia,30287
6,0.171,0.5042,0.2179,0.1069,georgia,32360
7,0.2533,0.3739,0.2133,0.1595,georgia,27261
8,0.2373,0.4053,0.204,0.1534,georgia,26906
9,0.1967,0.3977,0.2021,0.2035,georgia,31986
10,0.2388,0.4352,0.1921,0.1339,georgia,29395
11,0.1819,0.4697,0.2108,0.1376,georgia,32134
12,0.1952,0.476,0.1796,0.1492,georgia,30096
13,0.249,0.4277,0.1987,0.1245,georgia,27711
14,0.1641,0.3955,0.2547,0.1857,georgia,36057
15,0.1665,0.4487,0.2113,0.1736,georgia,34002
16,0.1939,0.4699,0.2088,0.1274,georgia,32222
17,0.1345,0.3545,0.2635,0.2475,georgia,38969
18,0.2052,0.4213,0.1791,0.1945,georgia,30392
19,0.1577,0.334,0.2767,0.2316,georgia,38312
20,0.1006,0.3078,0.2317,0.3599,georgia,43933
21,0.1317,0.2552,0.2625,0.3506,georgia,45304
22,0.0786,0.233,0.2415,0.447,georgia,50045
23,0.1689,0.3535,0.2299,0.2476,georgia,36843
24,0.125,0.2066,0.2202,0.4481,georgia,50787
25,0.0499,0.1353,0.1554,0.6594,georgia,71489
26,0.1066,0.2575,0.2203,0.4155,georgia,44298
27,0.204,0.3975,0.2209,0.1777,georgia,32078
28,0.2058,0.4409,0.2173,0.136,georgia,30280
29,0.2991,0.4281,0.1407,0.1321,georgia,27731
30,0.2083,0.4461,0.1646,0.1811,georgia,31341
31,0.1418,0.3879,0.2331,0.2372,georgia,36569
32,0.2094,0.4681,0.2003,0.1223,georgia,30649
33,0.2056,0.4383,0.2245,0.1316,georgia,30281
34,0.092,0.3046,0.2313,0.3721,georgia,39488
35,0.1568,0.3278,0.2273,0.2881,georgia,39665
36,0.0955,0.197,0.2173,0.4901,georgia,52136
37,0.1252,0.2993,0.2283,0.3472,georgia,40140
38,0.1294,0.3891,0.2393,0.2423,georgia,38700
39,0.176,0.3866,0.2172,0.2202,georgia,34671
40,0.0738,0.2175,0.2598,0.4489,georgia,57497
41,0.1941,0.412,0.1787,0.2151,georgia,31777
42,0.205,0.3768,0.2415,0.1766,georgia,32431
43,0.0848,0.2365,0.2332,0.4455,georgia,54111
44,0.135,0.3001,0.2331,0.3318,georgia,38932
45,0.0906,0.1601,0.1768,0.5726,georgia,61250
46,0.0852,0.2334,0.2338,0.4475,georgia,50344
47,0.0608,0.1829,0.1562,0.6002,georgia,64659
48,0.1258,0.3012,0.1655,0.4075,georgia,43760
49,0.0667,0.1548,0.1747,0.6038,georgia,66795
50,0.1014,0.2024,0.1641,0.5321,georgia,55507
51,0.1151,0.258,0.1918,0.4351,georgia,48058
52,0.0912,0.2189,0.2358,0.4542,georgia,57962
53,0.1473,0.2832,0.1785,0.3909,georgia,43085
54,0.0644,0.1667,0.2241,0.5448,georgia,67698
55,0.1633,0.2959,0.2313,0.3095,georgia,39250
56,0.158,0.3055,0.2049,0.3316,georgia,27807
57,0.1136,0.2432,0.2204,0.4228,georgia,45848
58,0.1474,0.2451,0.2651,0.3425,georgia,44065
59,0.1512,0.3074,0.1878,0.3537,georgia,40890
60,0.278,0.4568,0.155,0.1101,georgia,26412
61,0.1676,0.4464,0.224,0.162,georgia,34780
62,0.168,0.3399,0.2347,0.2575,georgia,37407
63,0.18,0.3582,0.2492,0.2126,georgia,36572
64,0.1701,0.3694,0.2193,0.2412,georgia,35945
65,0.2009,0.4402,0.212,0.1469,georgia,34847
66,0.1773,0.3333,0.2435,0.2459,georgia,37545
67,0.1267,0.389,0.2509,0.2334,georgia,38139
68,0.1463,0.4201,0.2401,0.1935,georgia,36776
69,0.207,0.348,0.2719,0.1731,georgia,30547
70,0.1506,0.3594,0.2227,0.2673,georgia,38206
71,0.1164,0.2526,0.2497,0.3814,georgia,48002
72,0.09,0.2185,0.2306,0.461,georgia,52028
73,0.1602,0.4197,0.2104,0.2096,georgia,34294
74,0.276,0.4959,0.1591,0.069,georgia,26492
75,0.2262,0.4495,0.2346,0.0897,georgia,30330
76,0.2143,0.427,0.2177,0.141,georgia,32588
77,0.2983,0.4252,0.211,0.0655,georgia,26775
78,0.2261,0.3843,0.235,0.1546,georgia,33663
79,0.1012,0.2239,0.1703,0.5046,georgia,53446
80,0.0856,0.1746,0.1975,0.5422,georgia,67388
81,0.2257,0.2537,0.1794,0.3412,georgia,35693
82,0.1185,0.2491,0.2552,0.3772,georgia,45162
83,0.1327,0.3169,0.1924,0.3581,georgia,40815
84,0.1165,0.3579,0.2343,0.2913,georgia,40344
85,0.1915,0.3939,0.2064,0.2082,georgia,31115
86,0.213,0.3672,0.1771,0.2427,georgia,30783
87,0.1919,0.4355,0.1991,0.1735,georgia,31884
88,0.1994,0.4047,0.1998,0.196,georgia,31606
89,0.1115,0.3076,0.2259,0.3551,georgia,43645
90,0.1591,0.4568,0.2115,0.1726,georgia,34273
91,0.1729,0.4143,0.2317,0.181,georgia,33962
92,0.2286,0.4289,0.2397,0.1028,georgia,31023
93,0.1226,0.3632,0.2956,0.2186,georgia,41846
94,0.1528,0.4045,0.2452,0.1975,georgia,33721
95,0.1249,0.3274,0.2074,0.3403,georgia,42787
96,0.1999,0.4498,0.1728,0.1775,georgia,32620
97,0.0903,0.263,0.2046,0.4421,georgia,46511
98,0.1338,0.3058,0.2387,0.3217,georgia,41892
99,0.2746,0.5109,0.1284,0.0861,georgia,28147
100,0.2195,0.48,0.2079,0.0926,georgia,31083
101,0.1564,0.3575,0.2314,0.2547,georgia,34901
102,0.1166,0.3373,0.2574,0.2888,georgia,40558
103,0.1218,0.3016,0.2758,0.3007,georgia,42782
104,0.1211,0.3141,0.2761,0.2886,georgia,43311
105,0.1156,0.3094,0.2927,0.2824,georgia,43310
106,0.139,0.3762,0.2274,0.2574,georgia,36703
107,0.1755,0.3478,0.2368,0.2399,georgia,36620
108,0.1868,0.3485,0.2127,0.252,georgia,34173
109,0.1154,0.3359,0.2593,0.2894,georgia,42498
110,0.1713,0.3747,0.2857,0.1683,georgia,34673
111,0.1361,0.369,0.2566,0.2383,georgia,38303
112,0.1894,0.3429,0.2287,0.239,georgia,35175
113,0.1985,0.471,0.1938,0.1367,georgia,30925
114,0.1279,0.3587,0.2658,0.2476,georgia,40113
115,0.1954,0.4108,0.2362,0.1576,georgia,32152
116,0.1784,0.4303,0.2405,0.1508,georgia,32428
117,0.1781,0.322,0.2293,0.2707,georgia,30470
118,0.2625,0.4255,0.1698,0.1422,georgia,22619
119,0.1783,0.3482,0.2075,0.266,georgia,25558
120,0.2386,0.3714,0.2239,0.1661,georgia,29097
121,0.1783,0.3637,0.268,0.1901,georgia,34583
122,0.0986,0.2393,0.2704,0.3917,georgia,49561
123,0.1286,0.355,0.2434,0.2731,georgia,35990
124,0.2985,0.3765,0.1841,0.1409,georgia,23976
125,0.2689,0.4893,0.1346,0.1072,georgia,23095
126,0.2661,0.3909,0.2142,0.1288,georgia,29305
127,0.2544,0.4559,0.1935,0.0962,georgia,27736
128,0.2508,0.4525,0.1887,0.108,georgia,29106
129,0.1861,0.4391,0.2299,0.145,georgia,31357
130,0.1957,0.4207,0.2088,0.1747,georgia,33101
131,0.1829,0.411,0.2479,0.1582,georgia,31351
132,0.2506,0.4427,0.1976,0.1092,georgia,29443
133,0.1539,0.3165,0.2363,0.2933,georgia,39347
134,0.1281,0.3396,0.2694,0.2629,georgia,38859
135,0.2816,0.4147,0.1762,0.1276,georgia,26462
136,0.2624,0.4162,0.1929,0.1285,georgia,27209
137,0.2483,0.3903,0.206,0.1554,georgia,28410
138,0.2641,0.4491,0.1727,0.1141,georgia,27914
139,0.2635,0.4025,0.201,0.133,georgia,27057
140,0.1679,0.4075,0.2212,0.2034,georgia,30925
141,0.1542,0.3552,0.2022,0.2884,georgia,36937
142,0.2631,0.4555,0.1689,0.1124,georgia,27115
143,0.2522,0.4175,0.1799,0.1503,georgia,23566
144,0.1988,0.3763,0.2538,0.171,georgia,33971
145,0.215,0.4506,0.1925,0.1418,georgia,27746
146,0.102,0.3336,0.2536,0.3108,georgia,41062
147,0.18,0.4329,0.2332,0.1539,georgia,31784
148,0.2451,0.3724,0.2088,0.1738,georgia,31674
149,0.2849,0.4224,0.1918,0.1009,georgia,30009
150,0.2806,0.3947,0.1897,0.135,georgia,27575
151,0.3275,0.4083,0.1436,0.1207,georgia,24667
152,0.1582,0.4099,0.2596,0.1724,georgia,35950
153,0.266,0.4152,0.1784,0.1404,georgia,25940
154,0.2684,0.4457,0.1931,0.0928,georgia,28176
155,0.2701,0.4192,0.1925,0.1182,georgia,26515
156,0.2789,0.4283,0.1638,0.129,georgia,28392
157,0.2729,0.3859,0.1986,0.1426,georgia,26049
158,0.2643,0.4167,0.2184,0.1005,georgia,25497
159,0.165,0.4546,0.2257,0.1546,georgia,32051
160,0.2318,0.3865,0.2207,0.161,georgia,23284
161,0.127,0.333,0.2265,0.3135,georgia,42027
162,0.2627,0.4781,0.16,0.0992,georgia,26792
163,0.2386,0.3655,0.1904,0.2055,georgia,25912
164,0.1664,0.4047,0.2282,0.2007,georgia,33494
165,0.2319,0.4149,0.2023,0.1509,georgia,27652
166,0.099,0.2486,0.2649,0.3874,georgia,46597
167,0.1832,0.4026,0.256,0.1583,georgia,32452
168,0.1904,0.4827,0.1902,0.1367,georgia,32317
169,0.2456,0.4746,0.1837,0.096,georgia,27520
170,0.2623,0.4621,0.1791,0.0965,georgia,28312
171,0.2726,0.4318,0.1977,0.0979,georgia,27217
172,0.3067,0.4156,0.1517,0.126,georgia,26958
173,0.2091,0.4354,0.2061,0.1494,georgia,31369
174,0.2892,0.4158,0.1961,0.0989,georgia,29044
175,0.1613,0.4163,0.2167,0.2057,georgia,33339
176,0.2234,0.4469,0.2208,0.1089,georgia,30534
177,0.325,0.4669,0.1454,0.0627,georgia,23780
178,0.2597,0.4035,0.2203,0.1165,georgia,30601
179,0.1984,0.3795,0.2012,0.2209,georgia,29605
180,0.2164,0.3565,0.2194,0.2077,georgia,32493
1,0.1854,0.4387,0.1793,0.1966,hawaii,33421
2,0.1742,0.3873,0.2249,0.2136,hawaii,30360
3,0.1649,0.3996,0.2325,0.2029,hawaii,33784
4,0.1775,0.4662,0.2072,0.149,hawaii,31365
5,0.1565,0.4423,0.1857,0.2155,hawaii,31177
9,0.1649,0.486,0.1935,0.1557,hawaii,35143
10,0.1013,0.4467,0.2392,0.2129,hawaii,38687
11,0.1654,0.3238,0.221,0.2898,hawaii,38046
13,0.144,0.3612,0.2407,0.2541,hawaii,38896
14,0.1393,0.3939,0.2397,0.2271,hawaii,39384
15,0.1346,0.4298,0.2439,0.1917,hawaii,37926
16,0.1462,0.413,0.224,0.2168,hawaii,35663
17,0.0465,0.1604,0.2721,0.521,hawaii,62200
18,0.0572,0.2152,0.2589,0.4686,hawaii,59411
19,0.1022,0.3058,0.2416,0.3504,hawaii,45725
20,0.1375,0.3276,0.2427,0.2921,hawaii,38742
22,0.1068,0.3065,0.2778,0.3089,hawaii,44699
24,0.129,0.3805,0.2595,0.231,hawaii,39895
30,0.1865,0.4579,0.1677,0.1879,hawaii,31521
33,0.0811,0.2748,0.2995,0.3446,hawaii,50871
34,0.0988,0.339,0.277,0.2852,hawaii,43657
35,0.171,0.4331,0.2121,0.1838,hawaii,33531
36,0.0592,0.2639,0.2612,0.4157,hawaii,51296
37,0.0706,0.3038,0.2844,0.3411,hawaii,49891
39,0.1129,0.3928,0.2,0.2944,hawaii,41076
40,0.1143,0.3881,0.2572,0.2405,hawaii,40961
41,0.0891,0.3602,0.2559,0.2948,hawaii,45520
43,0.1688,0.3751,0.2412,0.2149,hawaii,34395
44,0.1693,0.4372,0.2207,0.1728,hawaii,30860
45,0.2056,0.3938,0.2405,0.1601,hawaii,33890
47,0.1247,0.3521,0.2421,0.2811,hawaii,32581
49,0.1038,0.3011,0.2325,0.3626,hawaii,44286
50,0.1644,0.3688,0.1712,0.2957,hawaii,36982
51,0.099,0.2943,0.2174,0.3893,hawaii,44851
1,0.2214,0.4823,0.1878,0.1085,illinois,30080
2,0.1918,0.3709,0.2019,0.2354,illinois,32708
3,0.1954,0.4626,0.1816,0.1604,illinois,32000
4,0.1073,0.3004,0.2491,0.3433,illinois,48682
5,0.0861,0.1834,0.2035,0.5269,illinois,57560
6,0.1201,0.2534,0.2085,0.4179,illinois,43556
7,0.1209,0.3533,0.2417,0.2841,illinois,40505
8,0.1794,0.3357,0.2055,0.2794,illinois,33281
9,0.1007,0.2128,0.1981,0.4884,illinois,47531
10,0.1307,0.28,0.1977,0.3916,illinois,45119
11,0.0382,0.1428,0.2328,0.5862,illinois,71602
12,0.0452,0.1817,0.2846,0.4885,illinois,61990
13,0.135,0.295,0.2287,0.3412,illinois,42628
14,0.1247,0.385,0.213,0.2773,illinois,35313
15,0.1044,0.2881,0.2136,0.3939,illinois,43560
16,0.1436,0.3413,0.1932,0.322,illinois,37012
17,0.0684,0.1869,0.1735,0.5712,illinois,54952
18,0.0572,0.1866,0.1634,0.5929,illinois,52384
19,0.1047,0.3286,0.2664,0.3003,illinois,42409
20,0.087,0.2955,0.2427,0.3748,illinois,47126
21,0.2106,0.4477,0.2056,0.1361,illinois,30166
22,0.1537,0.4334,0.2382,0.1746,illinois,34209
23,0.1522,0.4289,0.2296,0.1893,illinois,33584
24,0.2083,0.4706,0.1936,0.1275,illinois,30546
25,0.1745,0.3633,0.2069,0.2553,illinois,32425
26,0.089,0.2301,0.2039,0.477,illinois,51638
27,0.1259,0.3688,0.2634,0.2419,illinois,35647
28,0.1478,0.3862,0.2299,0.236,illinois,33284
29,0.1657,0.3643,0.2514,0.2186,illinois,33405
30,0.1784,0.3836,0.2302,0.2078,illinois,31649
31,0.1521,0.3708,0.241,0.2361,illinois,33879
32,0.1584,0.4449,0.227,0.1697,illinois,30974
33,0.1693,0.4139,0.2315,0.1853,illinois,31906
34,0.1422,0.3694,0.2487,0.2397,illinois,33591
35,0.0837,0.2454,0.2468,0.424,illinois,48883
36,0.1185,0.2832,0.2709,0.3274,illinois,43597
37,0.0781,0.2136,0.2476,0.4606,illinois,51990
38,0.1038,0.3197,0.271,0.3056,illinois,42739
39,0.1595,0.3625,0.2321,0.2459,illinois,37167
40,0.1385,0.343,0.2286,0.2899,illinois,39030
41,0.063,0.1774,0.1918,0.5678,illinois,58457
42,0.0724,0.2123,0.2063,0.5089,illinois,52945
43,0.2097,0.4446,0.2139,0.1317,illinois,30776
44,0.1376,0.3307,0.2426,0.2892,illinois,40519
45,0.0809,0.2733,0.2781,0.3677,illinois,46918
46,0.1203,0.3687,0.2438,0.2672,illinois,37287
47,0.0558,0.1813,0.1739,0.589,illinois,60767
48,0.0668,0.244,0.2145,0.4747,illinois,47420
49,0.0889,0.2808,0.2132,0.417,illinois,44169
50,0.0594,0.2383,0.2577,0.4446,illinois,51091
51,0.0691,0.1486,0.1687,0.6135,illinois,63469
52,0.0948,0.2534,0.2243,0.4276,illinois,45574
53,0.0715,0.2212,0.2356,0.4716,illinois,53787
54,0.078,0.2319,0.201,0.489,illinois,52629
55,0.1135,0.3011,0.2457,0.3397,illinois,43600
56,0.0991,0.2836,0.2325,0.3848,illinois,46399
57,0.1303,0.3045,0.2246,0.3406,illinois,40997
58,0.1738,0.1501,0.1278,0.5483,illinois,43228
59,0.1079,0.279,0.1896,0.4235,illinois,46022
