district,earnings $1 - $24'999,earnings $25'000 - 49'999,earnings $50'000 - 74'999,earnings $75'000 or more,state,median earnings
1,0.1792,0.4074,0.2382,0.1752,alaska,30518
2,0.2422,0.3664,0.2042,0.1872,alaska,31519
3,0.103,0.32,0.327,0.25,alaska,38923
4,0.09,0.256,0.24,0.414,alaska,45965
5,0.087,0.33,0.22,0.363,alaska,36468
6,0.167,0.343,0.28,0.21,alaska,32357
7,0.1431,0.3473,0.2432,0.2663,alaska,34188
8,0.1251,0.2803,0.2983,0.2963,alaska,40538
9,0.1373,0.2415,0.2715,0.3497,alaska,36941
10,0.1459,0.2887,0.2757,0.2897,alaska,33636
11,0.117,0.302,0.272,0.309,alaska,37851
12,0.121,0.27,0.258,0.351,alaska,43469
13,0.234,0.353,0.223,0.19,alaska,35007
14,0.078,0.279,0.271,0.372,alaska,47818
15,0.28,0.388,0.217,0.115,alaska,29651
16,0.094,0.397,0.287,0.222,alaska,40009
17,0.1662,0.4084,0.2122,0.2132,alaska,35165
18,0.1568,0.4366,0.1948,0.2118,alaska,34150
19,0.235,0.5,0.157,0.108,alaska,27396
20,0.158,0.362,0.228,0.252,alaska,33991
21,0.1039,0.2867,0.2947,0.3147,alaska,45050
22,0.1,0.3,0.284,0.316,alaska,45633
23,0.1618,0.3536,0.2458,0.2388,alaska,35825
24,0.093,0.247,0.286,0.374,alaska,50014
25,0.0829,0.3127,0.2937,0.3107,alaska,44742
26,0.101,0.267,0.237,0.395,alaska,48568
27,0.077,0.352,0.297,0.274,alaska,41065
28,0.045,0.1728,0.2238,0.5584,alaska,59635
29,0.105,0.329,0.249,0.317,alaska,35572
30,0.136,0.325,0.251,0.288,alaska,36925
31,0.14,0.4,0.223,0.237,alaska,31721
32,0.13,0.372,0.272,0.226,alaska,33735
33,0.1112,0.3447,0.2675,0.2766,alaska,39144
34,0.092,0.307,0.312,0.289,alaska,44199
35,0.1449,0.3437,0.2727,0.2388,alaska,33186
36,0.149,0.388,0.257,0.206,alaska,32498
37,0.27,0.324,0.227,0.179,alaska,28867
38,0.158,0.346,0.215,0.281,alaska,19962
39,0.2412,0.3233,0.2452,0.1902,alaska,19342
40,0.1277,0.2226,0.2176,0.4321,alaska,42202
1,0.289,0.433,0.171,0.107,arkansas,25670
2,0.266,0.403,0.198,0.133,arkansas,25451
3,0.4002,0.3792,0.1627,0.0579,arkansas,22189
4,0.351,0.425,0.145,0.079,arkansas,24260
5,0.3574,0.4304,0.1341,0.0781,arkansas,22012
6,0.2078,0.4016,0.2268,0.1638,arkansas,30050
7,0.2787,0.4276,0.1738,0.1199,arkansas,26842
8,0.3137,0.4066,0.1818,0.0979,arkansas,26634
9,0.299,0.449,0.16,0.092,arkansas,23526
10,0.2448,0.3766,0.2228,0.1558,arkansas,31792
11,0.347,0.442,0.149,0.062,arkansas,23123
12,0.3816,0.3886,0.1518,0.0779,arkansas,22784
13,0.2793,0.4745,0.1542,0.0921,arkansas,26606
14,0.2198,0.4675,0.1888,0.1239,arkansas,30797
15,0.2072,0.4444,0.2012,0.1471,arkansas,30358
16,0.256,0.433,0.182,0.129,arkansas,28608
17,0.337,0.472,0.134,0.057,arkansas,19037
18,0.2675,0.4311,0.2006,0.1008,arkansas,21093
19,0.316,0.43,0.166,0.088,arkansas,25300
20,0.3423,0.4344,0.1411,0.0821,arkansas,22574
21,0.3157,0.4116,0.1708,0.1019,arkansas,24070
22,0.2673,0.4034,0.2142,0.1151,arkansas,24721
23,0.2028,0.3696,0.2448,0.1828,arkansas,36192
24,0.3177,0.3956,0.1868,0.0999,arkansas,23299
25,0.331,0.356,0.176,0.137,arkansas,21473
26,0.297,0.438,0.164,0.101,arkansas,24858
27,0.23,0.451,0.215,0.104,arkansas,29398
28,0.2248,0.4186,0.2298,0.1269,arkansas,30040
29,0.3417,0.4575,0.1399,0.0609,arkansas,24464
30,0.2933,0.3904,0.2062,0.1101,arkansas,30254
31,0.1219,0.3417,0.2178,0.3187,arkansas,40747
32,0.132,0.264,0.188,0.416,arkansas,45033
33,0.241,0.366,0.202,0.191,arkansas,30451
34,0.285,0.432,0.201,0.082,arkansas,26456
35,0.1678,0.3337,0.2268,0.2717,arkansas,40563
36,0.3566,0.4416,0.1528,0.049,arkansas,22882
37,0.3173,0.4755,0.1401,0.0671,arkansas,23332
38,0.214,0.405,0.212,0.169,arkansas,34123
39,0.174,0.415,0.206,0.205,arkansas,37277
40,0.2398,0.4076,0.2258,0.1269,arkansas,29185
41,0.179,0.423,0.23,0.168,arkansas,33941
42,0.282,0.458,0.17,0.09,arkansas,26390
43,0.1812,0.3724,0.2973,0.1491,arkansas,36397
44,0.2006,0.4212,0.2545,0.1238,arkansas,31346
45,0.2757,0.3956,0.1958,0.1329,arkansas,28600
46,0.3017,0.3666,0.1788,0.1528,arkansas,20289
47,0.331,0.411,0.147,0.111,arkansas,22610
48,0.439,0.377,0.125,0.059,arkansas,20494
49,0.2597,0.4296,0.1998,0.1109,arkansas,28039
50,0.3403,0.3644,0.1972,0.0981,arkansas,24585
51,0.1978,0.4486,0.2438,0.1099,arkansas,31966
52,0.2523,0.4985,0.1642,0.0851,arkansas,26102
53,0.2843,0.4134,0.1922,0.1101,arkansas,25786
54,0.264,0.441,0.183,0.112,arkansas,26513
55,0.368,0.401,0.132,0.099,arkansas,21420
56,0.2973,0.4705,0.1642,0.0681,arkansas,24731
57,0.248,0.451,0.204,0.097,arkansas,26902
58,0.2697,0.3766,0.1658,0.1878,arkansas,26368
59,0.2983,0.4374,0.1702,0.0941,arkansas,23512
60,0.3347,0.4505,0.1528,0.0619,arkansas,23490
61,0.3236,0.4449,0.1273,0.1042,arkansas,23902
62,0.341,0.468,0.129,0.062,arkansas,21614
63,0.3193,0.4064,0.1562,0.1181,arkansas,24231
64,0.2993,0.4374,0.1612,0.1021,arkansas,25698
65,0.2565,0.4082,0.2086,0.1267,arkansas,27453
66,0.2557,0.4316,0.1868,0.1259,arkansas,26760
67,0.1752,0.4124,0.2462,0.1662,arkansas,34597
68,0.3223,0.3694,0.1772,0.1311,arkansas,24950
69,0.35,0.438,0.122,0.09,arkansas,24491
70,0.232,0.38,0.198,0.19,arkansas,27221
71,0.384,0.386,0.154,0.076,arkansas,17681
72,0.3457,0.3936,0.1439,0.1169,arkansas,21144
73,0.325,0.447,0.146,0.082,arkansas,26045
74,0.3213,0.4094,0.1602,0.1091,arkansas,24493
75,0.2713,0.3954,0.2182,0.1151,arkansas,28608
76,0.226,0.385,0.192,0.197,arkansas,28352
77,0.363,0.357,0.164,0.116,arkansas,23380
78,0.4565,0.4324,0.0841,0.027,arkansas,20137
79,0.302,0.426,0.167,0.105,arkansas,25976
80,0.198,0.468,0.193,0.141,arkansas,30972
81,0.2088,0.4835,0.2208,0.0869,arkansas,30213
82,0.256,0.461,0.181,0.102,arkansas,26396
83,0.3566,0.4066,0.1568,0.0799,arkansas,22399
84,0.152,0.357,0.217,0.274,arkansas,36172
85,0.2128,0.3986,0.2108,0.1778,arkansas,26784
86,0.3073,0.3824,0.1772,0.1331,arkansas,20098
87,0.2032,0.4545,0.2022,0.1401,arkansas,29735
88,0.25,0.416,0.151,0.183,arkansas,27484
89,0.409,0.474,0.086,0.031,arkansas,22519
90,0.1898,0.3826,0.1758,0.2517,arkansas,35854
91,0.1722,0.3764,0.1892,0.2623,arkansas,37097
92,0.195,0.388,0.196,0.221,arkansas,32404
93,0.1459,0.2967,0.2328,0.3247,arkansas,44099
94,0.311,0.412,0.15,0.127,arkansas,26393
95,0.226,0.378,0.203,0.193,arkansas,32606
96,0.2517,0.4795,0.1359,0.1329,arkansas,28023
97,0.2697,0.3746,0.2138,0.1419,arkansas,25882
98,0.2957,0.4505,0.1658,0.0879,arkansas,24295
99,0.384,0.47,0.101,0.045,arkansas,21038
100,0.3097,0.4535,0.1269,0.1099,arkansas,23110
1,0.201,0.359,0.215,0.225,california,28306
2,0.2102,0.3554,0.2102,0.2242,california,26642
3,0.2242,0.3924,0.2002,0.1832,california,25413
4,0.1802,0.3233,0.2232,0.2733,california,29183
5,0.196,0.35,0.218,0.236,california,27490
6,0.101,0.226,0.225,0.448,california,46477
7,0.1908,0.3526,0.2298,0.2268,california,31407
8,0.189,0.355,0.232,0.224,california,30825
9,0.179,0.35,0.238,0.233,california,31643
10,0.132,0.256,0.201,0.411,california,40251
11,0.148,0.301,0.244,0.307,california,36163
12,0.1748,0.3556,0.2348,0.2348,california,31177
13,0.203,0.378,0.21,0.209,california,27570
14,0.136,0.287,0.236,0.341,california,37682
15,0.1331,0.2683,0.2222,0.3764,california,37255
16,0.0599,0.1479,0.1738,0.6184,california,64986
17,0.1081,0.2172,0.1882,0.4865,california,51312
18,0.1882,0.3173,0.2152,0.2793,california,32201
19,0.1039,0.2517,0.2398,0.4046,california,46280
20,0.125,0.304,0.237,0.334,california,41332
21,0.257,0.405,0.196,0.142,california,23938
22,0.102,0.223,0.191,0.484,california,50754
23,0.196,0.325,0.233,0.246,california,30975
24,0.087,0.172,0.142,0.599,california,60631
25,0.091,0.241,0.198,0.47,california,50586
26,0.278,0.388,0.184,0.15,california,23072
27,0.1912,0.3273,0.2012,0.2803,california,31593
28,0.082,0.173,0.173,0.572,california,60723
29,0.15,0.265,0.211,0.374,california,35834
30,0.2623,0.3423,0.1822,0.2132,california,25125
31,0.351,0.4,0.148,0.101,california,19663
32,0.378,0.389,0.143,0.09,california,20741
33,0.243,0.358,0.223,0.176,california,27128
34,0.1928,0.3097,0.2288,0.2687,california,32412
35,0.222,0.353,0.205,0.22,california,26720
36,0.1908,0.3736,0.2148,0.2208,california,32584
37,0.188,0.32,0.208,0.284,california,30325
38,0.1171,0.2603,0.2252,0.3974,california,41730
39,0.2933,0.3894,0.1802,0.1371,california,25874
40,0.2048,0.3347,0.2118,0.2488,california,30499
41,0.1502,0.2623,0.2102,0.3774,california,39849
42,0.2288,0.3347,0.2118,0.2248,california,27960
43,0.184,0.299,0.206,0.311,california,35545
44,0.1982,0.2963,0.1802,0.3253,california,31565
45,0.1968,0.3017,0.1948,0.3067,california,34142
46,0.2448,0.3257,0.1848,0.2448,california,30049
47,0.2595,0.4198,0.1914,0.1293,california,25876
48,0.2565,0.3808,0.1934,0.1693,california,27131
49,0.262,0.336,0.182,0.22,california,30232
50,0.11,0.21,0.211,0.469,california,50204
51,0.3437,0.3516,0.1558,0.1489,california,23841
52,0.2903,0.3864,0.1882,0.1351,california,25302
53,0.487,0.306,0.106,0.101,california,20568
54,0.1934,0.3056,0.1994,0.3016,california,32175
55,0.1481,0.2853,0.2172,0.3493,california,39946
56,0.3127,0.3856,0.1688,0.1329,california,22285
57,0.2308,0.3726,0.2108,0.1858,california,31004
58,0.2587,0.3866,0.1908,0.1638,california,29311
59,0.525,0.35,0.086,0.039,california,17959
60,0.2112,0.3483,0.2172,0.2232,california,30915
61,0.2305,0.3882,0.2116,0.1697,california,27043
62,0.2192,0.3353,0.1932,0.2523,california,30902
63,0.327,0.397,0.168,0.108,california,24293
64,0.3577,0.3868,0.1533,0.1022,california,22444
65,0.215,0.354,0.209,0.222,california,30503
66,0.1139,0.2438,0.2058,0.4366,california,47242
67,0.1742,0.3173,0.2302,0.2783,california,31923
68,0.1467,0.2495,0.2006,0.4032,california,41704
69,0.3654,0.3954,0.1411,0.0981,california,23174
70,0.2,0.311,0.216,0.273,california,32402
71,0.181,0.352,0.223,0.244,california,31650
72,0.2018,0.3257,0.2018,0.2707,california,31075
73,0.105,0.205,0.199,0.491,california,49846
74,0.1021,0.2302,0.2132,0.4545,california,47111
75,0.1878,0.3377,0.2008,0.2737,california,31218
76,0.2216,0.3204,0.1727,0.2854,california,31739
77,0.1071,0.2362,0.2082,0.4484,california,47952
78,0.1421,0.2923,0.2302,0.3353,california,40244
79,0.1868,0.3497,0.2378,0.2258,california,31789
80,0.334,0.385,0.169,0.112,california,23962
1,0.216,0.449,0.201,0.134,colorado,30739
2,0.11,0.333,0.256,0.301,colorado,40666
3,0.162,0.333,0.204,0.301,colorado,35893
4,0.191,0.351,0.218,0.24,colorado,34413
5,0.2042,0.3594,0.2082,0.2282,colorado,32517
6,0.1179,0.2817,0.2008,0.3996,colorado,43606
7,0.169,0.396,0.227,0.208,colorado,33005
8,0.132,0.345,0.241,0.282,colorado,38159
9,0.1562,0.3884,0.2332,0.2222,colorado,35201
10,0.147,0.294,0.205,0.354,colorado,26464
11,0.153,0.337,0.208,0.302,colorado,32824
12,0.1211,0.2953,0.1922,0.3914,colorado,36720
13,0.145,0.317,0.202,0.336,colorado,31149
14,0.096,0.317,0.234,0.353,colorado,41304
15,0.135,0.39,0.248,0.227,colorado,36992
16,0.205,0.426,0.215,0.154,colorado,26247
17,0.3126,0.4659,0.1573,0.0641,colorado,23880
18,0.2232,0.4204,0.1932,0.1632,colorado,26396
19,0.119,0.261,0.228,0.392,colorado,41349
20,0.2365,0.2896,0.1964,0.2776,colorado,31984
21,0.228,0.45,0.214,0.108,colorado,30263
22,0.0839,0.2807,0.2587,0.3766,colorado,44682
23,0.1648,0.3876,0.2288,0.2188,colorado,33940
24,0.1341,0.3654,0.2292,0.2713,colorado,33546
25,0.085,0.243,0.23,0.442,colorado,48948
26,0.165,0.418,0.226,0.191,colorado,33636
27,0.1021,0.3003,0.2573,0.3403,colorado,42249
28,0.1528,0.3956,0.2208,0.2308,colorado,35915
29,0.1159,0.3856,0.2667,0.2318,colorado,37210
30,0.1948,0.4086,0.2288,0.1678,colorado,31073
31,0.1598,0.4136,0.2537,0.1728,colorado,35190
32,0.2318,0.4845,0.1918,0.0919,colorado,27665
33,0.0989,0.2547,0.2278,0.4186,colorado,45893
34,0.1992,0.4284,0.2192,0.1532,colorado,30510
35,0.159,0.388,0.227,0.226,colorado,35076
36,0.1419,0.3756,0.2687,0.2138,colorado,36500
37,0.0858,0.2465,0.2485,0.4192,colorado,49734
38,0.099,0.287,0.235,0.379,colorado,42154
39,0.0981,0.2312,0.2192,0.4515,colorado,46480
40,0.1491,0.4234,0.2513,0.1762,colorado,35500
41,0.1718,0.4476,0.2268,0.1538,colorado,31489
42,0.29,0.485,0.163,0.062,colorado,24333
43,0.072,0.2,0.247,0.481,colorado,54094
44,0.0771,0.2492,0.2462,0.4274,colorado,51061
45,0.076,0.22,0.222,0.482,colorado,51237
46,0.2172,0.4074,0.2302,0.1451,colorado,27559
47,0.227,0.425,0.204,0.144,colorado,26912
48,0.132,0.387,0.261,0.22,colorado,36586
49,0.12,0.341,0.242,0.297,colorado,36791
50,0.257,0.469,0.188,0.086,colorado,22452
51,0.164,0.404,0.219,0.213,colorado,31987
52,0.171,0.333,0.223,0.273,colorado,30921
53,0.2252,0.3654,0.2072,0.2022,colorado,19970
54,0.221,0.37,0.225,0.184,colorado,28769
55,0.186,0.417,0.222,0.175,colorado,26225
56,0.1359,0.3227,0.2408,0.3007,colorado,40419
57,0.1728,0.3966,0.2408,0.1898,colorado,33299
58,0.2382,0.4294,0.2222,0.1101,colorado,26322
59,0.2128,0.3926,0.2358,0.1588,colorado,27351
60,0.252,0.371,0.211,0.166,colorado,26878
61,0.198,0.43,0.181,0.191,colorado,31126
62,0.2903,0.4354,0.1732,0.1011,colorado,21706
63,0.1447,0.3483,0.2395,0.2675,colorado,38008
64,0.222,0.371,0.21,0.197,colorado,28744
65,0.241,0.467,0.18,0.112,colorado,26939
1,0.1898,0.4805,0.1888,0.1409,connecticut,26286
2,0.112,0.235,0.219,0.434,connecticut,48203
3,0.2994,0.4711,0.1487,0.0808,connecticut,22436
4,0.253,0.389,0.205,0.153,connecticut,22137
5,0.1712,0.4164,0.2683,0.1441,connecticut,31030
6,0.2342,0.4835,0.1832,0.0991,connecticut,26780
7,0.2248,0.4925,0.1339,0.1489,connecticut,23208
8,0.0788,0.2784,0.2754,0.3673,connecticut,47380
9,0.0821,0.4565,0.2382,0.2232,connecticut,36354
10,0.1449,0.4565,0.2537,0.1449,connecticut,32710
11,0.141,0.325,0.31,0.224,connecticut,34011
12,0.1198,0.3832,0.2764,0.2206,connecticut,38380
13,0.0949,0.2597,0.2527,0.3926,connecticut,43655
14,0.0529,0.2038,0.2448,0.4985,connecticut,53899
15,0.073,0.371,0.274,0.282,connecticut,39868
16,0.048,0.187,0.207,0.558,connecticut,54658
17,0.061,0.167,0.218,0.554,connecticut,57022
18,0.068,0.198,0.243,0.491,connecticut,52212
19,0.0569,0.1389,0.1878,0.6164,connecticut,64158
20,0.104,0.32,0.27,0.306,connecticut,41559
21,0.0641,0.2295,0.2214,0.485,connecticut,51517
22,0.1188,0.3663,0.2904,0.2246,connecticut,39517
23,0.088,0.273,0.223,0.416,connecticut,44217
24,0.152,0.431,0.252,0.165,connecticut,31493
25,0.285,0.491,0.156,0.068,connecticut,25183
26,0.1702,0.4274,0.2613,0.1411,connecticut,32383
27,0.0959,0.2767,0.3127,0.3147,connecticut,45512
28,0.0801,0.2743,0.2773,0.3684,connecticut,44659
29,0.0599,0.2108,0.2967,0.4326,connecticut,51958
30,0.05,0.253,0.285,0.412,connecticut,52374
31,0.049,0.15,0.165,0.636,connecticut,62080
32,0.0509,0.2567,0.2717,0.4206,connecticut,50547
33,0.049,0.301,0.305,0.345,connecticut,39720
34,0.0969,0.2168,0.3117,0.3746,connecticut,50979
35,0.1078,0.2575,0.2545,0.3802,connecticut,41866
36,0.1001,0.2042,0.2563,0.4394,connecticut,46975
37,0.074,0.221,0.263,0.442,connecticut,45394
38,0.1149,0.2777,0.2328,0.3746,connecticut,40953
39,0.308,0.418,0.147,0.127,connecticut,19372
40,0.2182,0.3063,0.2452,0.2302,connecticut,31389
41,0.1618,0.3117,0.2398,0.2867,connecticut,34661
42,0.0941,0.3043,0.2813,0.3203,connecticut,37551
43,0.0951,0.3053,0.2322,0.3674,connecticut,41149
44,0.126,0.425,0.282,0.167,connecticut,33903
45,0.1469,0.3467,0.2797,0.2268,connecticut,35433
46,0.201,0.395,0.254,0.15,connecticut,30672
47,0.115,0.311,0.296,0.278,connecticut,38596
48,0.0919,0.2547,0.2757,0.3776,connecticut,43040
49,0.256,0.45,0.219,0.075,connecticut,17547
50,0.065,0.327,0.292,0.316,connecticut,40150
51,0.137,0.408,0.261,0.194,connecticut,32734
52,0.113,0.312,0.256,0.319,connecticut,36255
53,0.0759,0.2408,0.2807,0.4026,connecticut,43296
54,0.193,0.244,0.234,0.329,connecticut,5095
55,0.048,0.2092,0.2713,0.4715,connecticut,52088
56,0.1201,0.3774,0.2903,0.2122,connecticut,38102
57,0.0629,0.2967,0.2977,0.3427,connecticut,46433
58,0.086,0.373,0.311,0.23,connecticut,37860
59,0.105,0.315,0.291,0.289,connecticut,36803
60,0.0719,0.2977,0.3087,0.3217,connecticut,46085
61,0.0801,0.2392,0.2763,0.4044,connecticut,45810
62,0.0699,0.2338,0.1988,0.4975,connecticut,50100
63,0.122,0.345,0.275,0.258,connecticut,36198
64,0.1259,0.2837,0.3017,0.2887,connecticut,40174
65,0.1411,0.4825,0.2533,0.1231,connecticut,31904
66,0.065,0.245,0.302,0.388,connecticut,46343
67,0.124,0.315,0.223,0.338,connecticut,37762
68,0.0749,0.3107,0.2967,0.3177,connecticut,44729
69,0.0842,0.2114,0.2134,0.491,connecticut,47458
70,0.0949,0.3067,0.3197,0.2787,connecticut,40402
71,0.128,0.326,0.275,0.271,connecticut,36235
72,0.2392,0.4424,0.2052,0.1131,connecticut,25998
73,0.1359,0.3826,0.2907,0.1908,connecticut,32286
74,0.1281,0.4755,0.2733,0.1231,connecticut,31626
75,0.3457,0.4535,0.1269,0.0739,connecticut,21362
76,0.075,0.276,0.275,0.374,connecticut,45993
77,0.102,0.328,0.315,0.255,connecticut,40901
78,0.094,0.346,0.272,0.288,connecticut,41096
79,0.1081,0.4384,0.2703,0.1832,connecticut,39581
80,0.0749,0.2877,0.2957,0.3417,connecticut,43989
81,0.0759,0.2737,0.2987,0.3516,connecticut,46375
82,0.088,0.309,0.29,0.313,connecticut,44688
83,0.101,0.357,0.32,0.222,connecticut,43475
84,0.135,0.527,0.249,0.089,connecticut,33189
85,0.079,0.362,0.314,0.245,connecticut,42286
86,0.0881,0.2472,0.2813,0.3834,connecticut,48134
87,0.0791,0.2803,0.2793,0.3614,connecticut,43554
88,0.0671,0.2563,0.3033,0.3734,connecticut,35117
89,0.059,0.222,0.251,0.468,connecticut,51739
90,0.072,0.239,0.3,0.389,connecticut,50932
91,0.0709,0.2987,0.3157,0.3147,connecticut,45084
92,0.167,0.359,0.231,0.243,connecticut,31330
93,0.263,0.404,0.187,0.146,connecticut,14496
94,0.1411,0.4374,0.2452,0.1762,connecticut,27298
95,0.3447,0.4286,0.1489,0.0779,connecticut,21297
96,0.1139,0.3327,0.2557,0.2977,connecticut,38337
97,0.217,0.399,0.273,0.111,connecticut,31041
98,0.047,0.231,0.249,0.473,connecticut,49865
99,0.0979,0.3836,0.2707,0.2478,connecticut,40259
100,0.091,0.347,0.286,0.276,connecticut,40449
101,0.0669,0.2008,0.1968,0.5355,connecticut,55326
102,0.0699,0.2877,0.3367,0.3057,connecticut,45809
103,0.0649,0.2188,0.2947,0.4216,connecticut,49738
104,0.1828,0.4086,0.2398,0.1688,connecticut,31504
105,0.077,0.249,0.28,0.394,connecticut,46317
106,0.0539,0.1758,0.1858,0.5844,connecticut,54359
107,0.0851,0.2022,0.2382,0.4745,connecticut,47079
108,0.086,0.268,0.22,0.426,connecticut,43250
109,0.1542,0.3383,0.2543,0.2533,connecticut,31401
110,0.2843,0.4374,0.1431,0.1351,connecticut,25906
111,0.0561,0.1542,0.1572,0.6326,connecticut,62287
112,0.04,0.1888,0.1958,0.5754,connecticut,57213
113,0.0521,0.2923,0.2432,0.4124,connecticut,45527
114,0.0739,0.2208,0.2657,0.4396,connecticut,52265
115,0.1537,0.4222,0.2555,0.1687,connecticut,30738
116,0.218,0.462,0.216,0.104,connecticut,22498
117,0.0808,0.2675,0.3144,0.3373,connecticut,43153
118,0.0799,0.2597,0.3077,0.3526,connecticut,46781
119,0.064,0.209,0.25,0.477,connecticut,53108
120,0.105,0.243,0.308,0.344,connecticut,44612
121,0.127,0.387,0.266,0.22,connecticut,35860
122,0.056,0.234,0.275,0.435,connecticut,51311
123,0.0619,0.1708,0.2198,0.5475,connecticut,54585
124,0.272,0.466,0.184,0.078,connecticut,24380
125,0.039,0.099,0.124,0.738,connecticut,83142
126,0.203,0.378,0.245,0.174,connecticut,28753
127,0.146,0.366,0.297,0.191,connecticut,30150
128,0.3606,0.4715,0.1219,0.046,connecticut,20377
129,0.198,0.39,0.228,0.184,connecticut,31318
130,0.292,0.423,0.185,0.1,connecticut,21057
131,0.0839,0.3047,0.2368,0.3746,connecticut,42369
132,0.064,0.14,0.156,0.64,connecticut,64159
133,0.0711,0.2022,0.2392,0.4875,connecticut,38107
134,0.0569,0.1678,0.1548,0.6204,connecticut,52304
135,0.031,0.145,0.146,0.678,connecticut,63555
136,0.0521,0.1221,0.1061,0.7197,connecticut,73901
137,0.105,0.296,0.23,0.369,connecticut,42342
138,0.1011,0.2803,0.2232,0.3954,connecticut,39299
139,0.1389,0.3337,0.3097,0.2178,connecticut,32885
140,0.2288,0.3716,0.2278,0.1718,connecticut,27401
141,0.046,0.1119,0.1369,0.7053,connecticut,66835
142,0.0629,0.2338,0.1858,0.5175,connecticut,53362
143,0.0731,0.1662,0.1702,0.5906,connecticut,55808
144,0.095,0.214,0.207,0.484,connecticut,51587
145,0.1982,0.3894,0.2162,0.1962,connecticut,27216
146,0.098,0.213,0.257,0.432,connecticut,51224
147,0.0671,0.1363,0.1713,0.6253,connecticut,62109
148,0.2192,0.3594,0.1962,0.2252,connecticut,28261
149,0.0571,0.1231,0.1542,0.6657,connecticut,71838
150,0.098,0.228,0.157,0.517,connecticut,47206
151,0.042,0.113,0.162,0.683,connecticut,72935
1,0.201,0.426,0.193,0.18,delaware,30185
2,0.2827,0.4356,0.1728,0.1089,delaware,24882
3,0.2398,0.4575,0.1858,0.1169,delaware,25948
4,0.0641,0.2573,0.2482,0.4304,delaware,50721
5,0.171,0.384,0.262,0.183,delaware,34468
6,0.1148,0.2365,0.2824,0.3663,delaware,47148
7,0.117,0.345,0.249,0.289,delaware,41246
8,0.109,0.305,0.246,0.34,delaware,41902
9,0.0699,0.2637,0.2827,0.3836,delaware,46904
10,0.0821,0.3383,0.2823,0.2973,delaware,40561
11,0.135,0.375,0.298,0.192,delaware,35187
12,0.066,0.2,0.227,0.507,delaware,58625
13,0.172,0.452,0.233,0.143,delaware,33178
14,0.1562,0.3353,0.2102,0.2983,delaware,32500
15,0.086,0.365,0.238,0.311,delaware,40405
16,0.1878,0.4476,0.2328,0.1319,delaware,30182
17,0.1688,0.4226,0.2587,0.1499,delaware,33864
18,0.112,0.455,0.228,0.205,delaware,35950
19,0.157,0.407,0.262,0.174,delaware,32447
20,0.148,0.374,0.228,0.25,delaware,35365
21,0.0829,0.3107,0.2957,0.3107,delaware,42281
22,0.062,0.206,0.222,0.51,delaware,57629
23,0.118,0.317,0.215,0.35,delaware,21321
24,0.1742,0.4154,0.2442,0.1662,delaware,31268
25,0.1633,0.3126,0.2505,0.2735,delaware,21959
26,0.1449,0.3367,0.2368,0.2817,delaware,36049
27,0.082,0.33,0.215,0.373,delaware,43913
28,0.1948,0.4356,0.2378,0.1319,delaware,30355
29,0.1121,0.3894,0.3183,0.1802,delaware,39622
30,0.18,0.431,0.245,0.144,delaware,32414
31,0.2168,0.4016,0.2298,0.1518,delaware,21053
32,0.2412,0.4635,0.1962,0.0991,delaware,26200
33,0.1732,0.3844,0.2673,0.1752,delaware,34327
34,0.16,0.426,0.252,0.162,delaware,31250
35,0.2252,0.4795,0.1872,0.1081,delaware,27167
36,0.198,0.459,0.207,0.136,delaware,31144
37,0.2847,0.4066,0.1958,0.1129,delaware,25924
38,0.1772,0.3774,0.2332,0.2122,delaware,30967
39,0.1832,0.4695,0.1922,0.1552,delaware,30165
40,0.241,0.45,0.218,0.091,delaware,29560
41,0.262,0.41,0.203,0.125,delaware,26691
1,0.2092,0.4975,0.1852,0.1081,florida,27451
2,0.2613,0.4204,0.1572,0.1612,florida,25893
3,0.196,0.401,0.219,0.184,florida,30962
4,0.2282,0.3864,0.1982,0.1872,florida,29574
5,0.292,0.428,0.167,0.113,florida,25388
6,0.246,0.42,0.187,0.147,florida,26527
7,0.2452,0.4935,0.1762,0.0851,florida,27214
8,0.299,0.494,0.142,0.065,florida,18736
9,0.1351,0.3694,0.2432,0.2523,florida,35601
10,0.2573,0.4444,0.1832,0.1151,florida,26158
11,0.202,0.35,0.224,0.224,florida,34491
12,0.175,0.43,0.217,0.178,florida,33756
13,0.2967,0.4645,0.1439,0.0949,florida,24379
14,0.2723,0.4695,0.1762,0.0821,florida,26042
15,0.2192,0.4585,0.1922,0.1301,florida,30113
16,0.1588,0.3836,0.2118,0.2458,florida,35531
17,0.1289,0.3207,0.2038,0.3467,florida,38124
18,0.177,0.384,0.234,0.205,florida,31767
19,0.301,0.424,0.187,0.088,florida,25444
20,0.2927,0.4356,0.1608,0.1109,florida,21733
21,0.198,0.371,0.206,0.225,florida,27126
22,0.2917,0.4276,0.1698,0.1109,florida,25123
23,0.282,0.444,0.163,0.111,florida,25502
24,0.2715,0.4212,0.1687,0.1387,florida,25769
25,0.2208,0.3936,0.2138,0.1718,florida,28194
26,0.3087,0.4336,0.1538,0.1039,florida,23756
27,0.2533,0.4915,0.1712,0.0841,florida,27056
28,0.1653,0.3888,0.1954,0.2505,florida,32210
29,0.1816,0.3543,0.2036,0.2605,florida,33661
30,0.194,0.411,0.204,0.191,florida,31221
31,0.239,0.402,0.186,0.173,florida,28926
32,0.2478,0.4186,0.1848,0.1489,florida,27208
33,0.305,0.393,0.168,0.134,florida,22211
34,0.2677,0.4366,0.1648,0.1309,florida,24759
35,0.244,0.462,0.181,0.113,florida,26700
36,0.31,0.452,0.156,0.082,florida,25184
37,0.159,0.379,0.234,0.228,florida,35563
38,0.2042,0.3884,0.2282,0.1792,florida,31502
39,0.2308,0.4735,0.1748,0.1209,florida,27503
40,0.244,0.448,0.173,0.135,florida,28787
41,0.2717,0.4545,0.1728,0.1009,florida,25933
42,0.284,0.441,0.172,0.103,florida,25915
43,0.3934,0.4354,0.1161,0.0551,florida,22434
44,0.167,0.338,0.191,0.304,florida,35360
45,0.319,0.441,0.151,0.089,florida,25246
46,0.386,0.442,0.118,0.054,florida,21299
47,0.176,0.369,0.216,0.239,florida,36078
48,0.335,0.454,0.127,0.084,florida,23924
49,0.2633,0.4214,0.1782,0.1371,florida,24833
50,0.1678,0.4046,0.1998,0.2278,florida,34331
51,0.201,0.391,0.194,0.214,florida,27622
52,0.1844,0.3667,0.1944,0.2545,florida,31589
53,0.2472,0.4274,0.1822,0.1431,florida,26607
54,0.2725,0.3912,0.1806,0.1557,florida,25421
55,0.3333,0.4214,0.1431,0.1021,florida,21884
56,0.2957,0.4266,0.1678,0.1099,florida,26781
57,0.162,0.365,0.227,0.246,florida,36238
58,0.23,0.441,0.192,0.137,florida,28389
59,0.1832,0.4274,0.2292,0.1602,florida,32395
60,0.1451,0.3213,0.2132,0.3203,florida,40792
61,0.3333,0.4501,0.1417,0.0749,florida,22923
62,0.311,0.444,0.158,0.087,florida,25340
63,0.2,0.365,0.184,0.251,florida,30444
64,0.1297,0.3323,0.2255,0.3124,florida,41166
65,0.166,0.366,0.213,0.255,florida,33601
66,0.215,0.396,0.187,0.202,florida,30602
67,0.2593,0.4434,0.1682,0.1291,florida,27667
68,0.1768,0.4236,0.2058,0.1938,florida,32344
69,0.1982,0.4144,0.1922,0.1952,florida,30977
70,0.3246,0.4599,0.1323,0.0832,florida,23553
71,0.256,0.435,0.174,0.135,florida,26305
72,0.238,0.397,0.196,0.169,florida,28559
73,0.1499,0.3576,0.2278,0.2647,florida,35399
74,0.2168,0.4466,0.1908,0.1459,florida,28311
75,0.2653,0.4034,0.1852,0.1461,florida,24719
76,0.1958,0.3846,0.1938,0.2258,florida,29813
77,0.2328,0.4296,0.1978,0.1399,florida,27965
78,0.2358,0.3956,0.1898,0.1788,florida,26220
79,0.304,0.454,0.16,0.082,florida,23502
80,0.2527,0.4086,0.1838,0.1548,florida,25836
81,0.185,0.355,0.201,0.259,florida,31668
82,0.1922,0.3564,0.1722,0.2793,florida,32128
83,0.2202,0.4324,0.1762,0.1712,florida,28166
84,0.266,0.427,0.16,0.147,florida,24432
85,0.142,0.369,0.22,0.269,florida,37125
86,0.19,0.374,0.199,0.237,florida,32056
87,0.391,0.424,0.125,0.06,florida,21510
88,0.33,0.409,0.148,0.113,florida,23692
89,0.1638,0.3177,0.2028,0.3157,florida,34842
90,0.212,0.413,0.213,0.162,florida,29945
91,0.1341,0.3423,0.2172,0.3063,florida,35120
92,0.312,0.431,0.168,0.089,florida,24052
93,0.1439,0.3437,0.1958,0.3167,florida,37606
94,0.306,0.404,0.163,0.127,florida,24669
95,0.314,0.478,0.144,0.064,florida,23624
96,0.163,0.365,0.206,0.266,florida,35381
97,0.1834,0.4098,0.2054,0.2014,florida,31659
98,0.1548,0.3666,0.2138,0.2647,florida,36701
99,0.208,0.38,0.201,0.211,florida,31104
100,0.2122,0.3263,0.1992,0.2623,florida,35138
101,0.2927,0.4575,0.1648,0.0849,florida,25510
102,0.2996,0.4289,0.1844,0.0872,florida,26890
103,0.28,0.388,0.176,0.156,florida,30157
104,0.1251,0.2853,0.2372,0.3524,florida,41334
105,0.306,0.374,0.167,0.153,florida,26112
106,0.2028,0.3516,0.1928,0.2527,florida,31210
107,0.3463,0.4124,0.1471,0.0941,florida,24256
108,0.382,0.38,0.135,0.103,florida,22180
109,0.382,0.395,0.126,0.097,florida,23261
110,0.3836,0.4136,0.1339,0.0689,florida,23633
111,0.4615,0.3856,0.1049,0.048,florida,21043
112,0.2777,0.2907,0.1618,0.2697,florida,31383
113,0.3377,0.3137,0.1489,0.1998,florida,26461
114,0.245,0.346,0.16,0.249,florida,30712
115,0.2098,0.3487,0.1868,0.2547,florida,32489
116,0.296,0.385,0.177,0.142,florida,27199
117,0.377,0.415,0.138,0.07,florida,22154
118,0.281,0.395,0.184,0.14,florida,29861
119,0.279,0.402,0.184,0.135,florida,30470
120,0.275,0.407,0.168,0.15,florida,26983
1,0.2533,0.4525,0.1972,0.0971,georgia,25160
2,0.1962,0.4865,0.1882,0.1291,georgia,30889
3,0.197,0.458,0.229,0.116,georgia,29249
4,0.3816,0.4486,0.0929,0.0769,georgia,24754
5,0.2735,0.477,0.1577,0.0918,georgia,26243
6,0.274,0.505,0.132,0.089,georgia,27447
7,0.2784,0.4132,0.1856,0.1228,georgia,25017
8,0.3267,0.3936,0.1798,0.0999,georgia,22001
9,0.252,0.421,0.178,0.149,georgia,25524
10,0.2703,0.4525,0.1672,0.1101,georgia,26258
11,0.274,0.435,0.18,0.111,georgia,27651
12,0.238,0.484,0.172,0.106,georgia,26661
13,0.2943,0.4004,0.1572,0.1481,georgia,24372
14,0.2298,0.4176,0.2088,0.1439,georgia,29541
15,0.2072,0.4364,0.2232,0.1331,georgia,31200
16,0.281,0.437,0.184,0.098,georgia,27376
17,0.1471,0.3924,0.2583,0.2022,georgia,34920
18,0.262,0.4,0.219,0.119,georgia,26346
19,0.1628,0.3976,0.2747,0.1648,georgia,33401
20,0.157,0.312,0.246,0.285,georgia,37330
21,0.174,0.3,0.259,0.267,georgia,37237
22,0.134,0.245,0.219,0.402,georgia,42940
23,0.228,0.362,0.206,0.204,georgia,30132
24,0.142,0.286,0.199,0.373,georgia,40608
25,0.0731,0.1471,0.1812,0.5986,georgia,61897
26,0.1518,0.3177,0.2198,0.3107,georgia,39290
27,0.2663,0.4004,0.1942,0.1391,georgia,29180
28,0.301,0.449,0.166,0.084,georgia,25268
29,0.362,0.395,0.144,0.099,georgia,23768
30,0.2623,0.4214,0.1712,0.1451,georgia,27152
31,0.2182,0.4084,0.2062,0.1672,georgia,32209
32,0.299,0.445,0.164,0.092,georgia,25304
33,0.2517,0.4416,0.1968,0.1099,georgia,27359
34,0.135,0.352,0.233,0.28,georgia,31564
35,0.1732,0.3544,0.2482,0.2242,georgia,35959
36,0.097,0.213,0.238,0.452,georgia,50543
37,0.1858,0.3327,0.2088,0.2727,georgia,33037
38,0.1828,0.3816,0.2448,0.1908,georgia,31930
39,0.2432,0.3924,0.2092,0.1552,georgia,29631
40,0.0831,0.2663,0.2633,0.3874,georgia,51694
41,0.2757,0.3876,0.1838,0.1528,georgia,25067
42,0.2974,0.4251,0.1806,0.0968,georgia,25935
43,0.117,0.265,0.226,0.392,georgia,45183
44,0.1612,0.2953,0.2382,0.3053,georgia,35435
45,0.1131,0.2242,0.2012,0.4615,georgia,51141
46,0.0909,0.2637,0.2258,0.4196,georgia,45951
47,0.0979,0.1738,0.1918,0.5365,georgia,56072
48,0.224,0.302,0.157,0.317,georgia,33102
49,0.1032,0.2295,0.1984,0.4689,georgia,51520
50,0.1229,0.2078,0.1668,0.5025,georgia,48949
51,0.1548,0.2937,0.1888,0.3626,georgia,40339
52,0.1401,0.2342,0.1802,0.4454,georgia,47277
53,0.1722,0.3263,0.1932,0.3083,georgia,34012
54,0.079,0.216,0.246,0.459,georgia,56561
55,0.1662,0.3564,0.2222,0.2553,georgia,33857
56,0.1788,0.4116,0.1828,0.2268,georgia,21224
57,0.1662,0.2683,0.2042,0.3614,georgia,37229
58,0.2028,0.3267,0.2368,0.2338,georgia,32377
59,0.1938,0.3566,0.2088,0.2408,georgia,33322
60,0.327,0.476,0.129,0.068,georgia,21849
61,0.244,0.389,0.215,0.152,georgia,30686
62,0.1608,0.3976,0.2517,0.1898,georgia,36446
63,0.1916,0.4291,0.1936,0.1856,georgia,30962
64,0.1882,0.3774,0.2162,0.2182,georgia,33406
65,0.206,0.439,0.245,0.11,georgia,30475
66,0.2018,0.3916,0.2547,0.1518,georgia,30401
67,0.177,0.392,0.254,0.177,georgia,34251
68,0.2008,0.4026,0.2498,0.1469,georgia,30677
69,0.2178,0.4336,0.2168,0.1319,georgia,26937
70,0.1992,0.3544,0.2352,0.2112,georgia,32845
71,0.131,0.293,0.275,0.301,georgia,42912
72,0.1089,0.2507,0.2318,0.4086,georgia,45732
73,0.2102,0.4214,0.1922,0.1762,georgia,29386
74,0.346,0.455,0.148,0.051,georgia,23306
75,0.2685,0.484,0.1846,0.0629,georgia,26221
76,0.197,0.435,0.234,0.134,georgia,30943
77,0.314,0.458,0.166,0.062,georgia,24303
78,0.226,0.431,0.211,0.132,georgia,28756
79,0.1311,0.2603,0.2252,0.3834,georgia,48842
80,0.1239,0.2388,0.2168,0.4206,georgia,50707
81,0.2707,0.3037,0.1968,0.2288,georgia,27372
82,0.2052,0.3173,0.1952,0.2823,georgia,31485
83,0.154,0.352,0.194,0.3,georgia,34721
84,0.1692,0.3413,0.2472,0.2422,georgia,31881
85,0.2843,0.3884,0.1762,0.1512,georgia,23745
86,0.211,0.393,0.192,0.204,georgia,28801
87,0.2338,0.4246,0.1948,0.1469,georgia,29643
88,0.2475,0.4108,0.1603,0.1814,georgia,26073
89,0.1678,0.3167,0.2478,0.2677,georgia,36377
90,0.189,0.405,0.254,0.152,georgia,31667
91,0.1938,0.4356,0.2198,0.1508,georgia,33221
92,0.2867,0.4406,0.1918,0.0809,georgia,26542
93,0.1568,0.4356,0.2338,0.1738,georgia,33778
94,0.1702,0.4434,0.2152,0.1712,georgia,32343
95,0.146,0.348,0.19,0.316,georgia,37411
96,0.3043,0.4064,0.1682,0.1211,georgia,26719
97,0.1369,0.2737,0.2218,0.3676,georgia,41739
98,0.153,0.322,0.236,0.289,georgia,36575
99,0.4076,0.4266,0.1099,0.0559,georgia,23130
100,0.2816,0.487,0.1613,0.0701,georgia,27343
101,0.2148,0.3986,0.1868,0.1998,georgia,30730
102,0.1489,0.3666,0.2118,0.2727,georgia,33177
103,0.1695,0.3159,0.2518,0.2628,georgia,35945
104,0.134,0.399,0.206,0.261,georgia,37169
105,0.17,0.339,0.253,0.238,georgia,33774
106,0.181,0.385,0.223,0.211,georgia,34280
107,0.2012,0.3353,0.2132,0.2503,georgia,33082
108,0.224,0.33,0.235,0.211,georgia,31501
109,0.1738,0.3546,0.2707,0.2008,georgia,36117
110,0.1952,0.4705,0.2092,0.1251,georgia,30960
111,0.1453,0.3938,0.2806,0.1804,georgia,35625
112,0.2022,0.3604,0.2462,0.1912,georgia,30468
113,0.229,0.473,0.193,0.105,georgia,29905
114,0.173,0.408,0.24,0.179,georgia,33577
115,0.2302,0.4515,0.2122,0.1061,georgia,29716
116,0.227,0.454,0.204,0.115,georgia,27943
117,0.2172,0.4044,0.1842,0.1942,georgia,23960
118,0.354,0.391,0.156,0.099,georgia,17037
119,0.2088,0.3676,0.2088,0.2148,georgia,22649
120,0.324,0.383,0.164,0.129,georgia,24526
121,0.208,0.375,0.265,0.152,georgia,31183
122,0.108,0.292,0.243,0.357,georgia,42445
123,0.1698,0.3467,0.2228,0.2607,georgia,32405
124,0.314,0.427,0.158,0.101,georgia,22443
125,0.341,0.437,0.157,0.065,georgia,21488
126,0.3034,0.4102,0.2066,0.0798,georgia,25183
127,0.288,0.448,0.187,0.077,georgia,24665
128,0.338,0.408,0.167,0.087,georgia,23350
129,0.2258,0.4306,0.2188,0.1249,georgia,29381
130,0.2515,0.4208,0.2064,0.1212,georgia,27276
131,0.2553,0.4354,0.2032,0.1061,georgia,26299
132,0.3227,0.4426,0.1518,0.0829,georgia,24431
133,0.1668,0.3786,0.2268,0.2278,georgia,31749
134,0.177,0.399,0.234,0.19,georgia,33878
135,0.3944,0.3914,0.1411,0.0731,georgia,21009
136,0.3207,0.4236,0.1608,0.0949,georgia,21932
137,0.2843,0.4304,0.1622,0.1231,georgia,26108
138,0.32,0.415,0.185,0.08,georgia,23715
139,0.3696,0.3986,0.1489,0.0829,georgia,19796
140,0.23,0.422,0.233,0.115,georgia,29120
141,0.1752,0.3794,0.2042,0.2412,georgia,33766
142,0.3113,0.4144,0.1762,0.0981,georgia,22940
143,0.314,0.412,0.159,0.115,georgia,20163
144,0.2214,0.4008,0.2435,0.1343,georgia,30778
145,0.3626,0.3746,0.1718,0.0909,georgia,20552
146,0.176,0.344,0.295,0.185,georgia,35901
147,0.2368,0.4256,0.2128,0.1249,georgia,28549
148,0.2733,0.4124,0.2032,0.1111,georgia,26140
149,0.325,0.435,0.161,0.079,georgia,26680
150,0.301,0.422,0.165,0.112,georgia,26628
151,0.374,0.381,0.151,0.094,georgia,24010
152,0.24,0.412,0.185,0.163,georgia,30646
153,0.3213,0.4184,0.1401,0.1201,georgia,23129
154,0.3123,0.4234,0.1812,0.0831,georgia,24528
155,0.3013,0.4414,0.1652,0.0921,georgia,26352
156,0.293,0.432,0.152,0.123,georgia,25346
157,0.262,0.445,0.182,0.111,georgia,25945
158,0.329,0.43,0.156,0.085,georgia,22871
159,0.25,0.414,0.215,0.121,georgia,28149
160,0.2595,0.4092,0.1906,0.1407,georgia,17221
161,0.1181,0.3774,0.2733,0.2312,georgia,37938
162,0.342,0.429,0.136,0.093,georgia,23969
163,0.3063,0.3764,0.1552,0.1622,georgia,21136
164,0.2252,0.3764,0.2242,0.1742,georgia,31501
165,0.3433,0.4084,0.1411,0.1071,georgia,21974
166,0.1341,0.2993,0.2472,0.3193,georgia,40264
167,0.2016,0.4411,0.2056,0.1517,georgia,30747
168,0.2232,0.5025,0.1972,0.0771,georgia,29602
169,0.358,0.441,0.124,0.077,georgia,24834
170,0.349,0.424,0.155,0.072,georgia,24448
171,0.351,0.425,0.156,0.068,georgia,23926
172,0.4046,0.3786,0.1249,0.0919,georgia,21603
173,0.3327,0.3796,0.1908,0.0969,georgia,25169
174,0.331,0.41,0.166,0.093,georgia,24796
175,0.244,0.409,0.185,0.162,georgia,28131
176,0.2927,0.4466,0.1688,0.0919,georgia,25474
177,0.3992,0.4242,0.1218,0.0549,georgia,18850
178,0.289,0.404,0.207,0.1,georgia,26543
179,0.273,0.392,0.168,0.167,georgia,25042
180,0.256,0.408,0.189,0.147,georgia,29144
1,0.24,0.398,0.21,0.152,hawaii,29576
2,0.1902,0.4254,0.2152,0.1692,hawaii,30022
3,0.1928,0.4476,0.2018,0.1578,hawaii,30107
4,0.2617,0.4486,0.1858,0.1039,hawaii,26958
5,0.2438,0.3926,0.1838,0.1798,hawaii,25477
6,0.1868,0.4296,0.2298,0.1538,hawaii,30461
7,0.187,0.397,0.196,0.22,hawaii,32357
8,0.1479,0.4056,0.2657,0.1808,hawaii,34347
9,0.2022,0.5085,0.1732,0.1161,hawaii,30880
10,0.1982,0.4835,0.2082,0.1101,hawaii,32015
11,0.1423,0.4499,0.1964,0.2114,hawaii,34812
12,0.1419,0.4146,0.2298,0.2138,hawaii,35144
13,0.1968,0.4625,0.1638,0.1768,hawaii,31331
14,0.1668,0.4406,0.2258,0.1668,hawaii,35431
15,0.217,0.433,0.205,0.145,hawaii,30941
16,0.1774,0.4499,0.1954,0.1774,hawaii,32201
17,0.071,0.205,0.272,0.452,hawaii,52362
18,0.091,0.228,0.284,0.397,hawaii,51802
19,0.113,0.345,0.242,0.3,hawaii,42753
20,0.143,0.354,0.279,0.224,hawaii,37037
21,0.2002,0.4104,0.2312,0.1582,hawaii,31968
22,0.1399,0.3497,0.2348,0.2757,hawaii,38163
23,0.1513,0.3707,0.2064,0.2715,hawaii,34254
24,0.1091,0.4054,0.3093,0.1762,hawaii,36466
25,0.1449,0.3506,0.2697,0.2348,hawaii,40276
26,0.1552,0.3273,0.2533,0.2643,hawaii,39416
27,0.1828,0.3966,0.2358,0.1848,hawaii,32386
28,0.2563,0.4464,0.1792,0.1181,hawaii,30196
29,0.2803,0.4635,0.1542,0.1021,hawaii,24173
30,0.273,0.427,0.174,0.126,hawaii,28286
31,0.1141,0.4074,0.2643,0.2142,hawaii,40583
32,0.1588,0.3706,0.2687,0.2018,hawaii,37871
33,0.0981,0.3433,0.2372,0.3213,hawaii,42161
34,0.1361,0.3834,0.2402,0.2402,hawaii,37837
35,0.2545,0.4391,0.1866,0.1198,hawaii,28374
36,0.0609,0.3097,0.2877,0.3417,hawaii,49617
37,0.0801,0.3463,0.2933,0.2803,hawaii,42778
38,0.2422,0.4615,0.1912,0.1051,hawaii,28759
39,0.1329,0.4096,0.2428,0.2148,hawaii,38596
40,0.18,0.401,0.21,0.209,hawaii,35575
41,0.125,0.396,0.242,0.237,hawaii,40871
42,0.1162,0.3798,0.2575,0.2465,hawaii,37102
43,0.196,0.427,0.228,0.149,hawaii,30151
44,0.243,0.467,0.16,0.13,hawaii,25910
45,0.2697,0.3936,0.2088,0.1279,hawaii,29348
46,0.2222,0.4324,0.2112,0.1341,hawaii,30141
47,0.1682,0.3734,0.2332,0.2252,hawaii,31384
48,0.0989,0.3826,0.2527,0.2657,hawaii,40288
49,0.1071,0.3443,0.2953,0.2533,hawaii,40008
50,0.201,0.361,0.164,0.274,hawaii,34469
51,0.137,0.327,0.247,0.289,hawaii,38351
1,0.346,0.449,0.129,0.076,illinois,23192
2,0.309,0.403,0.174,0.114,illinois,23392
3,0.2997,0.4276,0.1748,0.0979,illinois,26531
4,0.1938,0.3277,0.2208,0.2577,illinois,36497
5,0.104,0.235,0.24,0.421,illinois,45804
6,0.194,0.265,0.19,0.351,illinois,31400
7,0.15,0.37,0.233,0.247,illinois,34180
8,0.22,0.356,0.192,0.232,illinois,30574
9,0.15,0.21,0.234,0.406,illinois,40328
10,0.167,0.284,0.226,0.323,illinois,41139
11,0.067,0.208,0.259,0.466,illinois,57271
12,0.0519,0.2488,0.3017,0.3976,illinois,54690
13,0.1582,0.3293,0.2322,0.2803,illinois,36951
14,0.189,0.365,0.227,0.219,illinois,31038
15,0.1728,0.3207,0.2108,0.2957,illinois,35389
16,0.1892,0.3493,0.2072,0.2543,illinois,32333
17,0.089,0.242,0.182,0.487,illinois,48007
18,0.091,0.212,0.172,0.525,illinois,45142
19,0.1489,0.3626,0.2468,0.2418,illinois,36752
20,0.1221,0.3493,0.2472,0.2813,illinois,40052
21,0.322,0.409,0.175,0.094,illinois,24487
22,0.2365,0.4311,0.2066,0.1257,illinois,27470
23,0.2665,0.4222,0.1677,0.1437,illinois,27059
24,0.2913,0.4354,0.1662,0.1071,illinois,26142
25,0.212,0.366,0.203,0.219,illinois,27729
26,0.1071,0.2422,0.2102,0.4404,illinois,45905
27,0.1748,0.3756,0.2448,0.2048,illinois,31618
28,0.173,0.396,0.24,0.191,illinois,30668
29,0.179,0.36,0.276,0.185,illinois,30834
30,0.212,0.377,0.236,0.175,illinois,30596
31,0.1762,0.4074,0.2332,0.1832,illinois,30590
32,0.2345,0.4158,0.2104,0.1393,illinois,25801
33,0.1992,0.4034,0.2503,0.1471,illinois,27068
34,0.193,0.382,0.239,0.186,illinois,31249
35,0.11,0.278,0.247,0.365,illinois,41700
36,0.135,0.343,0.277,0.245,illinois,37162
37,0.09,0.235,0.263,0.412,illinois,47179
38,0.129,0.364,0.274,0.233,illinois,37067
39,0.2513,0.4014,0.1922,0.1552,illinois,29214
40,0.2448,0.3676,0.2008,0.1868,illinois,30435
41,0.0941,0.2092,0.1992,0.4975,illinois,48057
42,0.105,0.256,0.228,0.411,illinois,43225
43,0.301,0.402,0.182,0.115,illinois,25198
44,0.185,0.347,0.23,0.238,illinois,35952
45,0.1111,0.2993,0.2623,0.3273,illinois,41333
46,0.179,0.363,0.254,0.204,illinois,32527
47,0.076,0.189,0.194,0.541,illinois,52003
48,0.0901,0.2603,0.2472,0.4024,illinois,41381
49,0.133,0.277,0.224,0.366,illinois,40519
50,0.093,0.251,0.246,0.41,illinois,43281
51,0.0761,0.1812,0.1722,0.5706,illinois,55305
52,0.118,0.264,0.228,0.39,illinois,41330
53,0.1129,0.2667,0.2438,0.3766,illinois,44338
54,0.094,0.278,0.224,0.404,illinois,46013
55,0.143,0.358,0.236,0.263,illinois,37009
56,0.1081,0.3023,0.2753,0.3143,illinois,42000
57,0.1768,0.3037,0.1938,0.3257,illinois,36472
58,0.1984,0.1593,0.1383,0.504,illinois,38874
59,0.155,0.272,0.195,0.378,illinois,41067
60,0.3387,0.3956,0.1578,0.1079,illinois,22969
61,0.1261,0.3163,0.2422,0.3153,illinois,38157
62,0.1608,0.3347,0.2458,0.2587,illinois,35028
63,0.1898,0.3686,0.2288,0.2128,illinois,31785
64,0.111,0.31,0.248,0.331,illinois,40438
65,0.0959,0.2797,0.2378,0.3866,illinois,42343
66,0.0929,0.2817,0.2468,0.3786,illinois,43373
67,0.291,0.47,0.173,0.066,illinois,22494
68,0.159,0.394,0.268,0.179,illinois,31179
69,0.1379,0.3586,0.2507,0.2527,illinois,35749
70,0.172,0.348,0.245,0.235,illinois,26332
71,0.1892,0.3994,0.2422,0.1692,illinois,30574
72,0.202,0.419,0.232,0.147,illinois,27338
