district,less than highschool,highschool,college or associate,bachelor or higher,state
1,0.1055,0.3204,0.383,0.1911,alaska
2,0.05,0.3044,0.4334,0.2122,alaska
3,0.0589,0.2771,0.4483,0.2158,alaska
4,0.0462,0.1403,0.3673,0.4461,alaska
5,0.0534,0.1915,0.4128,0.3423,alaska
6,0.091,0.2814,0.3915,0.2361,alaska
7,0.0943,0.3384,0.4172,0.1502,alaska
8,0.1168,0.3731,0.3864,0.1237,alaska
9,0.0815,0.3158,0.3747,0.228,alaska
10,0.0977,0.3487,0.3693,0.1842,alaska
11,0.0678,0.2959,0.3986,0.2376,alaska
12,0.0534,0.3127,0.383,0.2509,alaska
13,0.0565,0.2805,0.4281,0.2349,alaska
14,0.0484,0.1961,0.3595,0.396,alaska
15,0.0616,0.3223,0.4619,0.1542,alaska
16,0.0737,0.255,0.3759,0.2954,alaska
17,0.0892,0.2468,0.4018,0.2622,alaska
18,0.1048,0.2932,0.3243,0.2776,alaska
19,0.1831,0.35,0.3044,0.1625,alaska
20,0.1041,0.2447,0.3421,0.309,alaska
21,0.0617,0.2506,0.3686,0.3191,alaska
22,0.0557,0.2407,0.3744,0.3291,alaska
23,0.1045,0.3044,0.3706,0.2205,alaska
24,0.06,0.22,0.3587,0.3613,alaska
25,0.0982,0.2337,0.3653,0.3028,alaska
26,0.0436,0.2714,0.3607,0.3243,alaska
27,0.0627,0.2666,0.3519,0.3187,alaska
28,0.0403,0.1374,0.283,0.5393,alaska
29,0.0873,0.38,0.3547,0.178,alaska
30,0.0978,0.3144,0.3694,0.2184,alaska
31,0.0761,0.2822,0.3802,0.2615,alaska
32,0.0903,0.303,0.3728,0.234,alaska
33,0.0632,0.2413,0.314,0.3816,alaska
34,0.0462,0.2452,0.3799,0.3287,alaska
35,0.0916,0.3299,0.3312,0.2472,alaska
36,0.0994,0.3421,0.359,0.1995,alaska
37,0.1405,0.417,0.3071,0.1354,alaska
38,0.2252,0.4536,0.2258,0.0954,alaska
39,0.1872,0.4761,0.2447,0.092,alaska
40,0.1647,0.4243,0.2976,0.1134,alaska
1,0.1528,0.3717,0.3325,0.143,arkansas
2,0.1393,0.3714,0.3336,0.1557,arkansas
3,0.2068,0.4043,0.2671,0.1217,arkansas
4,0.2281,0.3659,0.3238,0.0823,arkansas
5,0.1817,0.4348,0.254,0.1295,arkansas
6,0.1172,0.3661,0.3249,0.1919,arkansas
7,0.1837,0.3768,0.2775,0.162,arkansas
8,0.1722,0.439,0.2576,0.1312,arkansas
9,0.1592,0.3665,0.3268,0.1475,arkansas
10,0.1497,0.4154,0.2832,0.1518,arkansas
11,0.2205,0.4059,0.2567,0.1169,arkansas
12,0.2353,0.3793,0.293,0.0924,arkansas
13,0.1763,0.4205,0.2847,0.1184,arkansas
14,0.1653,0.4118,0.2786,0.1443,arkansas
15,0.1097,0.391,0.3197,0.1796,arkansas
16,0.1456,0.3649,0.3072,0.1822,arkansas
17,0.1769,0.3765,0.3405,0.1061,arkansas
18,0.1169,0.2907,0.4216,0.1708,arkansas
19,0.1864,0.3447,0.3148,0.154,arkansas
20,0.1806,0.3616,0.3356,0.1222,arkansas
21,0.1818,0.3935,0.3141,0.1106,arkansas
22,0.0953,0.3056,0.3641,0.235,arkansas
23,0.0758,0.3096,0.3352,0.2794,arkansas
24,0.0988,0.3077,0.3896,0.204,arkansas
25,0.1599,0.3112,0.3371,0.1918,arkansas
26,0.1288,0.3909,0.3275,0.1528,arkansas
27,0.1293,0.3679,0.335,0.1678,arkansas
28,0.1495,0.3536,0.3197,0.1772,arkansas
29,0.1944,0.3559,0.3293,0.1204,arkansas
30,0.1125,0.2979,0.3302,0.2593,arkansas
31,0.0859,0.2557,0.2891,0.3693,arkansas
32,0.0442,0.1194,0.2689,0.5675,arkansas
33,0.0711,0.1812,0.3009,0.4467,arkansas
34,0.115,0.2908,0.3354,0.2588,arkansas
35,0.0423,0.1878,0.2633,0.5066,arkansas
36,0.1871,0.387,0.3015,0.1243,arkansas
37,0.2051,0.338,0.2902,0.1667,arkansas
38,0.0663,0.2549,0.3367,0.3421,arkansas
39,0.0854,0.2378,0.3325,0.3443,arkansas
40,0.1313,0.3723,0.3261,0.1703,arkansas
41,0.0714,0.3133,0.3339,0.2813,arkansas
42,0.0997,0.346,0.393,0.1613,arkansas
43,0.0978,0.2982,0.3977,0.2063,arkansas
44,0.1242,0.3729,0.327,0.1759,arkansas
45,0.1863,0.3936,0.2771,0.143,arkansas
46,0.0984,0.2771,0.3911,0.2335,arkansas
47,0.2239,0.4451,0.2404,0.0906,arkansas
48,0.2483,0.39,0.2895,0.0722,arkansas
49,0.1902,0.4108,0.2701,0.1289,arkansas
50,0.2433,0.4085,0.2329,0.1153,arkansas
51,0.1337,0.3416,0.3355,0.1892,arkansas
52,0.1728,0.3992,0.3077,0.1203,arkansas
53,0.1148,0.3774,0.3185,0.1894,arkansas
54,0.1927,0.3748,0.2981,0.1344,arkansas
55,0.2103,0.3837,0.3144,0.0916,arkansas
56,0.1881,0.4388,0.2649,0.1082,arkansas
57,0.1471,0.4102,0.2849,0.1577,arkansas
58,0.0781,0.2531,0.3458,0.3229,arkansas
59,0.1584,0.3717,0.2916,0.1782,arkansas
60,0.1843,0.4116,0.285,0.119,arkansas
61,0.1388,0.406,0.3313,0.1239,arkansas
62,0.1968,0.387,0.3165,0.0997,arkansas
63,0.1507,0.3476,0.3257,0.176,arkansas
64,0.1781,0.3804,0.2937,0.1477,arkansas
65,0.1576,0.4228,0.2739,0.1457,arkansas
66,0.1548,0.4099,0.2972,0.1381,arkansas
67,0.0771,0.3256,0.3498,0.2474,arkansas
68,0.1456,0.3972,0.2863,0.1709,arkansas
69,0.1998,0.4213,0.2254,0.1535,arkansas
70,0.0564,0.1953,0.4026,0.3457,arkansas
71,0.1378,0.26,0.4001,0.2021,arkansas
72,0.0855,0.2975,0.3852,0.2318,arkansas
73,0.2004,0.4021,0.2631,0.1345,arkansas
74,0.1647,0.4249,0.2857,0.1248,arkansas
75,0.1227,0.3679,0.3592,0.1501,arkansas
76,0.1016,0.3003,0.347,0.2511,arkansas
77,0.1437,0.31,0.3451,0.2012,arkansas
78,0.3487,0.3229,0.2564,0.072,arkansas
79,0.1492,0.3801,0.331,0.1397,arkansas
80,0.14,0.3824,0.297,0.1807,arkansas
81,0.1426,0.4154,0.2989,0.1431,arkansas
82,0.1931,0.439,0.2657,0.1022,arkansas
83,0.17,0.4019,0.3036,0.1244,arkansas
84,0.0785,0.2301,0.2767,0.4148,arkansas
85,0.0717,0.202,0.3863,0.34,arkansas
86,0.0481,0.1843,0.4449,0.3227,arkansas
87,0.1705,0.327,0.2837,0.2187,arkansas
88,0.2089,0.2718,0.2511,0.2682,arkansas
89,0.3631,0.3181,0.2443,0.0745,arkansas
90,0.1395,0.287,0.2433,0.3302,arkansas
91,0.1039,0.2827,0.2674,0.346,arkansas
92,0.0993,0.3216,0.2964,0.2827,arkansas
93,0.0742,0.2451,0.243,0.4377,arkansas
94,0.1807,0.3549,0.2556,0.2088,arkansas
95,0.1074,0.3357,0.3208,0.2361,arkansas
96,0.1978,0.3686,0.2593,0.1743,arkansas
97,0.1428,0.3647,0.292,0.2006,arkansas
98,0.1706,0.3302,0.3497,0.1494,arkansas
99,0.1518,0.377,0.3363,0.135,arkansas
100,0.1275,0.3518,0.3535,0.1671,arkansas
1,0.1018,0.2521,0.423,0.2231,california
2,0.1176,0.2366,0.3807,0.2651,california
3,0.1567,0.2511,0.4085,0.1837,california
4,0.1424,0.2145,0.3595,0.2836,california
5,0.1554,0.2659,0.3862,0.1924,california
6,0.0621,0.1909,0.372,0.3749,california
7,0.1546,0.2355,0.3491,0.2608,california
8,0.1065,0.2397,0.4012,0.2526,california
9,0.1647,0.246,0.357,0.2323,california
10,0.102,0.164,0.3066,0.4273,california
11,0.1299,0.2588,0.4044,0.2069,california
12,0.1703,0.2949,0.3662,0.1685,california
13,0.2281,0.2617,0.3467,0.1636,california
14,0.1198,0.2195,0.3584,0.3024,california
15,0.106,0.1516,0.2859,0.4565,california
16,0.0461,0.1206,0.2578,0.5755,california
17,0.1354,0.1294,0.2137,0.5215,california
18,0.1946,0.1914,0.2893,0.3247,california
19,0.106,0.1496,0.2659,0.4785,california
20,0.1335,0.2435,0.2975,0.3255,california
21,0.2817,0.278,0.3287,0.1116,california
22,0.0951,0.1621,0.2761,0.4668,california
23,0.1334,0.2257,0.3884,0.2525,california
24,0.0888,0.1151,0.1889,0.6073,california
25,0.1059,0.1816,0.2528,0.4597,california
26,0.2855,0.2744,0.3129,0.1272,california
27,0.2322,0.2181,0.2883,0.2614,california
28,0.0721,0.1325,0.2501,0.5453,california
29,0.1012,0.1627,0.3604,0.3756,california
30,0.3063,0.2326,0.304,0.1571,california
31,0.373,0.2477,0.2904,0.089,california
32,0.374,0.2871,0.2699,0.069,california
33,0.1843,0.3089,0.3843,0.1225,california
34,0.1519,0.2813,0.3719,0.1949,california
35,0.1668,0.2067,0.3927,0.2338,california
36,0.2028,0.2836,0.3674,0.1463,california
37,0.1341,0.176,0.3708,0.3191,california
38,0.0988,0.2017,0.3651,0.3344,california
39,0.2922,0.2672,0.2715,0.1691,california
40,0.1698,0.2437,0.3557,0.2308,california
41,0.0976,0.1702,0.3221,0.4101,california
42,0.1406,0.2749,0.3627,0.2218,california
43,0.1313,0.1782,0.2882,0.4023,california
44,0.1776,0.1889,0.3269,0.3066,california
45,0.1368,0.2035,0.3093,0.3503,california
46,0.1889,0.202,0.2807,0.3284,california
47,0.2838,0.2889,0.3106,0.1167,california
48,0.2219,0.2823,0.3155,0.1804,california
49,0.2101,0.2362,0.2582,0.2954,california
50,0.0543,0.1024,0.2348,0.6085,california
51,0.3316,0.2117,0.2501,0.2067,california
52,0.2708,0.2705,0.3128,0.1459,california
53,0.368,0.2152,0.2117,0.2052,california
54,0.1389,0.1639,0.3092,0.388,california
55,0.0986,0.1814,0.3337,0.3862,california
56,0.3017,0.2734,0.2991,0.1258,california
57,0.2087,0.2734,0.3348,0.1831,california
58,0.2467,0.2594,0.3088,0.1851,california
59,0.4316,0.2476,0.2474,0.0734,california
60,0.2112,0.2752,0.3353,0.1783,california
61,0.2107,0.28,0.3435,0.1658,california
62,0.1947,0.2015,0.3218,0.282,california
63,0.3463,0.26,0.2842,0.1095,california
64,0.3354,0.2682,0.2916,0.1048,california
65,0.1705,0.2252,0.3287,0.2756,california
66,0.0855,0.1644,0.2906,0.4594,california
67,0.1438,0.2742,0.3886,0.1935,california
68,0.1017,0.165,0.3132,0.4201,california
69,0.3633,0.2483,0.2542,0.1342,california
70,0.1762,0.1895,0.3441,0.2901,california
71,0.1322,0.2726,0.378,0.2172,california
72,0.1762,0.2087,0.3388,0.2763,california
73,0.0612,0.1431,0.3301,0.4656,california
74,0.0625,0.1385,0.3038,0.4952,california
75,0.1574,0.2179,0.3634,0.2613,california
76,0.1086,0.22,0.3401,0.3314,california
77,0.0557,0.1447,0.2893,0.5102,california
78,0.0571,0.1376,0.2966,0.5087,california
79,0.1331,0.2123,0.3797,0.275,california
80,0.2786,0.2652,0.319,0.1372,california
1,0.2142,0.2827,0.2845,0.2186,colorado
2,0.0364,0.093,0.2335,0.6371,colorado
3,0.085,0.1885,0.2722,0.4543,colorado
4,0.2092,0.2211,0.2305,0.3391,colorado
5,0.2239,0.2059,0.2232,0.3471,colorado
6,0.062,0.1372,0.2193,0.5815,colorado
7,0.2171,0.2497,0.2805,0.2527,colorado
8,0.0948,0.1257,0.2505,0.5289,colorado
9,0.0609,0.1686,0.3024,0.4681,colorado
10,0.0358,0.1108,0.3245,0.5289,colorado
11,0.0953,0.2031,0.2972,0.4044,colorado
12,0.0717,0.1681,0.251,0.5092,colorado
13,0.028,0.148,0.3283,0.4957,colorado
14,0.0326,0.1556,0.3396,0.4723,colorado
15,0.0519,0.2202,0.4151,0.3128,colorado
16,0.0682,0.2487,0.401,0.2821,colorado
17,0.1534,0.3055,0.4072,0.1339,colorado
18,0.0822,0.22,0.3744,0.3235,colorado
19,0.0385,0.1829,0.34,0.4386,colorado
20,0.0485,0.1577,0.3587,0.4351,colorado
21,0.0676,0.2827,0.4755,0.1743,colorado
22,0.0404,0.1957,0.3367,0.4271,colorado
23,0.0896,0.2214,0.3306,0.3584,colorado
24,0.0888,0.2228,0.3156,0.3729,colorado
25,0.0351,0.1498,0.2801,0.5349,colorado
26,0.0947,0.2073,0.2698,0.4283,colorado
27,0.0594,0.2256,0.3277,0.3874,colorado
28,0.0887,0.2555,0.33,0.3258,colorado
29,0.0721,0.2502,0.351,0.3267,colorado
30,0.2096,0.276,0.3113,0.2032,colorado
31,0.1366,0.3106,0.3435,0.2093,colorado
32,0.2841,0.3215,0.2759,0.1185,colorado
33,0.045,0.1468,0.2765,0.5318,colorado
34,0.183,0.2967,0.3317,0.1885,colorado
35,0.1469,0.2493,0.3226,0.2812,colorado
36,0.1008,0.2409,0.3641,0.2942,colorado
37,0.0394,0.1467,0.295,0.5189,colorado
38,0.0439,0.1652,0.2859,0.5049,colorado
39,0.0415,0.1785,0.3057,0.4743,colorado
40,0.0705,0.2386,0.3923,0.2986,colorado
41,0.0748,0.247,0.3378,0.3404,colorado
42,0.2121,0.3233,0.3116,0.153,colorado
43,0.0279,0.1226,0.2853,0.5643,colorado
44,0.0355,0.145,0.3023,0.5173,colorado
45,0.0397,0.1529,0.3068,0.5006,colorado
46,0.1175,0.2893,0.3882,0.205,colorado
47,0.1208,0.2933,0.3926,0.1933,colorado
48,0.1016,0.2606,0.3605,0.2772,colorado
49,0.0408,0.2212,0.3341,0.4038,colorado
50,0.1981,0.3052,0.3604,0.1363,colorado
51,0.0635,0.2593,0.3545,0.3227,colorado
52,0.0534,0.157,0.3144,0.4751,colorado
53,0.0339,0.1653,0.4394,0.3614,colorado
54,0.1308,0.3329,0.3391,0.1972,colorado
55,0.0945,0.2642,0.3865,0.2547,colorado
56,0.0939,0.2714,0.3296,0.3051,colorado
57,0.1333,0.3162,0.3057,0.2447,colorado
58,0.1162,0.3016,0.3194,0.2628,colorado
59,0.0632,0.2118,0.3499,0.3752,colorado
60,0.1042,0.336,0.3367,0.223,colorado
61,0.0667,0.2294,0.2842,0.4197,colorado
62,0.1691,0.2897,0.3551,0.1862,colorado
63,0.1093,0.2735,0.3396,0.2776,colorado
64,0.1223,0.3213,0.3648,0.1916,colorado
65,0.149,0.3436,0.3503,0.1571,colorado
1,0.2137,0.2775,0.2958,0.213,connecticut
2,0.0585,0.2172,0.2685,0.4558,connecticut
3,0.3407,0.3213,0.2375,0.1005,connecticut
4,0.2931,0.2209,0.3124,0.1737,connecticut
5,0.1886,0.309,0.3119,0.1905,connecticut
6,0.2638,0.3517,0.2609,0.1236,connecticut
7,0.187,0.2878,0.3832,0.142,connecticut
8,0.0387,0.2645,0.3211,0.3757,connecticut
9,0.0995,0.3142,0.298,0.2883,connecticut
10,0.1534,0.3445,0.3433,0.1588,connecticut
11,0.1279,0.293,0.2814,0.2977,connecticut
12,0.0809,0.2857,0.3311,0.3023,connecticut
13,0.0707,0.2457,0.2722,0.4114,connecticut
14,0.0419,0.2207,0.2673,0.4701,connecticut
15,0.0876,0.2715,0.2993,0.3415,connecticut
16,0.0384,0.116,0.2265,0.619,connecticut
17,0.0383,0.1441,0.2189,0.5987,connecticut
18,0.0545,0.138,0.1892,0.6183,connecticut
19,0.0246,0.0992,0.1664,0.7098,connecticut
20,0.1007,0.2261,0.2448,0.4284,connecticut
21,0.0478,0.1916,0.2126,0.548,connecticut
22,0.1115,0.3327,0.3095,0.2463,connecticut
23,0.0628,0.231,0.243,0.4632,connecticut
24,0.1498,0.3262,0.3012,0.2228,connecticut
25,0.2695,0.4065,0.2367,0.0872,connecticut
26,0.135,0.3389,0.3193,0.2068,connecticut
27,0.0823,0.261,0.2867,0.37,connecticut
28,0.0904,0.2498,0.2611,0.3987,connecticut
29,0.0666,0.2141,0.2679,0.4513,connecticut
30,0.0603,0.2912,0.2746,0.3739,connecticut
31,0.033,0.1501,0.202,0.615,connecticut
32,0.0728,0.2719,0.2549,0.4003,connecticut
33,0.0581,0.2361,0.3815,0.3243,connecticut
34,0.0599,0.2739,0.2844,0.3818,connecticut
35,0.0631,0.2835,0.2724,0.381,connecticut
36,0.0404,0.2455,0.2797,0.4344,connecticut
37,0.0603,0.2374,0.2746,0.4276,connecticut
38,0.0674,0.3278,0.2742,0.3307,connecticut
39,0.1504,0.3267,0.3719,0.151,connecticut
40,0.0384,0.3262,0.3537,0.2817,connecticut
41,0.0727,0.271,0.2547,0.4016,connecticut
42,0.0801,0.3387,0.3207,0.2605,connecticut
43,0.0548,0.2809,0.2568,0.4075,connecticut
44,0.1329,0.3757,0.3225,0.169,connecticut
45,0.1215,0.3894,0.3295,0.1596,connecticut
46,0.1426,0.395,0.3052,0.1572,connecticut
47,0.083,0.3713,0.3137,0.2321,connecticut
48,0.0582,0.2694,0.2968,0.3756,connecticut
49,0.1601,0.2967,0.3912,0.152,connecticut
50,0.0721,0.2833,0.3143,0.3303,connecticut
51,0.1115,0.3211,0.3516,0.2158,connecticut
52,0.1154,0.3396,0.3064,0.2386,connecticut
53,0.0507,0.2631,0.318,0.3682,connecticut
54,0.0157,0.1355,0.6767,0.1721,connecticut
55,0.0454,0.22,0.273,0.4616,connecticut
56,0.0775,0.3304,0.2768,0.3153,connecticut
57,0.061,0.2874,0.304,0.3476,connecticut
58,0.0849,0.3776,0.2917,0.2458,connecticut
59,0.102,0.3627,0.3017,0.2336,connecticut
60,0.0669,0.2971,0.2972,0.3389,connecticut
61,0.0802,0.2399,0.2725,0.4073,connecticut
62,0.043,0.2229,0.2647,0.4695,connecticut
63,0.0979,0.3549,0.3055,0.2417,connecticut
64,0.0653,0.2797,0.2654,0.3896,connecticut
65,0.1668,0.3757,0.2943,0.1632,connecticut
66,0.0569,0.2425,0.2643,0.4363,connecticut
67,0.0738,0.2486,0.3004,0.3772,connecticut
68,0.0936,0.2914,0.32,0.295,connecticut
69,0.0649,0.2125,0.2307,0.4919,connecticut
70,0.1004,0.3492,0.313,0.2374,connecticut
71,0.1161,0.2953,0.2901,0.2985,connecticut
72,0.2396,0.3624,0.3184,0.0796,connecticut
73,0.1468,0.3548,0.2936,0.2048,connecticut
74,0.1607,0.3721,0.3232,0.144,connecticut
75,0.3456,0.3431,0.2332,0.0781,connecticut
76,0.0646,0.3002,0.2993,0.3359,connecticut
77,0.099,0.3897,0.2837,0.2276,connecticut
78,0.0914,0.3388,0.3098,0.26,connecticut
79,0.154,0.3206,0.2717,0.2536,connecticut
80,0.0789,0.3259,0.3012,0.294,connecticut
81,0.0654,0.3158,0.304,0.3147,connecticut
82,0.0824,0.3746,0.2825,0.2605,connecticut
83,0.0919,0.3328,0.3103,0.265,connecticut
84,0.1862,0.4195,0.2257,0.1686,connecticut
85,0.0789,0.3148,0.2579,0.3484,connecticut
86,0.0468,0.2771,0.281,0.3951,connecticut
87,0.0491,0.294,0.2589,0.398,connecticut
88,0.0236,0.1782,0.364,0.4341,connecticut
89,0.0584,0.24,0.2615,0.4402,connecticut
90,0.0656,0.2931,0.2251,0.4162,connecticut
91,0.0789,0.2169,0.2645,0.4397,connecticut
92,0.1299,0.3059,0.2375,0.3267,connecticut
93,0.1446,0.3058,0.3079,0.2417,connecticut
94,0.0769,0.3001,0.3476,0.2755,connecticut
95,0.3056,0.4031,0.1941,0.0971,connecticut
96,0.0792,0.2112,0.179,0.5307,connecticut
97,0.1631,0.3547,0.2644,0.2178,connecticut
98,0.0435,0.1754,0.2125,0.5686,connecticut
99,0.1218,0.4079,0.2553,0.215,connecticut
100,0.0975,0.3192,0.2662,0.3171,connecticut
101,0.0365,0.1664,0.2152,0.5819,connecticut
102,0.0662,0.2763,0.2769,0.3806,connecticut
103,0.0751,0.2466,0.2579,0.4203,connecticut
104,0.1461,0.3988,0.286,0.1691,connecticut
105,0.0771,0.3052,0.3219,0.2958,connecticut
106,0.0487,0.1901,0.2407,0.5204,connecticut
107,0.0593,0.2258,0.2637,0.4512,connecticut
108,0.046,0.2713,0.2794,0.4033,connecticut
109,0.1627,0.3128,0.2579,0.2666,connecticut
110,0.2706,0.3464,0.2176,0.1654,connecticut
111,0.0263,0.0947,0.1702,0.7088,connecticut
112,0.0636,0.2026,0.2445,0.4893,connecticut
113,0.0695,0.2786,0.2791,0.3728,connecticut
114,0.0403,0.2111,0.2146,0.534,connecticut
115,0.1246,0.363,0.322,0.1904,connecticut
116,0.1259,0.3539,0.3202,0.2,connecticut
117,0.0721,0.3186,0.2709,0.3383,connecticut
118,0.0578,0.3156,0.2655,0.3611,connecticut
119,0.0577,0.2213,0.2698,0.4513,connecticut
120,0.0622,0.2916,0.2912,0.355,connecticut
121,0.1262,0.3574,0.2766,0.2398,connecticut
122,0.0603,0.2703,0.2489,0.4205,connecticut
123,0.0652,0.2056,0.2236,0.5056,connecticut
124,0.2518,0.3639,0.2727,0.1116,connecticut
125,0.0308,0.0916,0.1378,0.7399,connecticut
126,0.1305,0.3351,0.3653,0.1691,connecticut
127,0.1827,0.2946,0.3074,0.2153,connecticut
128,0.3122,0.391,0.222,0.0748,connecticut
129,0.2306,0.258,0.2574,0.254,connecticut
130,0.2568,0.3167,0.267,0.1595,connecticut
131,0.08,0.2851,0.2825,0.3524,connecticut
132,0.0419,0.1611,0.1816,0.6154,connecticut
133,0.0567,0.2183,0.2539,0.4711,connecticut
134,0.0541,0.185,0.2617,0.4992,connecticut
135,0.0432,0.1207,0.1733,0.6628,connecticut
136,0.0263,0.112,0.1301,0.7316,connecticut
137,0.1073,0.2527,0.2516,0.3883,connecticut
138,0.0882,0.241,0.2782,0.3926,connecticut
139,0.097,0.3679,0.3313,0.2037,connecticut
140,0.2287,0.2909,0.2443,0.236,connecticut
141,0.0376,0.1155,0.1493,0.6976,connecticut
142,0.0601,0.18,0.2498,0.5102,connecticut
143,0.0556,0.1466,0.2175,0.5803,connecticut
144,0.0667,0.2219,0.2342,0.4771,connecticut
145,0.215,0.2916,0.255,0.2383,connecticut
146,0.0801,0.2033,0.1613,0.5553,connecticut
147,0.0435,0.1669,0.2073,0.5823,connecticut
148,0.1727,0.2346,0.2819,0.3108,connecticut
149,0.0469,0.1401,0.158,0.655,connecticut
150,0.0598,0.1922,0.1703,0.5778,connecticut
151,0.0508,0.1104,0.174,0.6648,connecticut
1,0.1577,0.3563,0.2548,0.2312,delaware
2,0.2271,0.3904,0.236,0.1465,delaware
3,0.1822,0.408,0.2359,0.1739,delaware
4,0.0877,0.1687,0.1822,0.5614,delaware
5,0.1304,0.2699,0.3541,0.2457,delaware
6,0.0646,0.2416,0.2392,0.4546,delaware
7,0.0664,0.3102,0.2862,0.3372,delaware
8,0.0775,0.2662,0.3381,0.3182,delaware
9,0.1105,0.3332,0.2694,0.2868,delaware
10,0.0586,0.2258,0.2494,0.4662,delaware
11,0.1934,0.4007,0.2593,0.1466,delaware
12,0.0442,0.1415,0.1905,0.6238,delaware
13,0.1591,0.3848,0.2687,0.1873,delaware
14,0.0677,0.2828,0.2531,0.3964,delaware
15,0.0792,0.3294,0.3016,0.2897,delaware
16,0.176,0.4011,0.2881,0.1348,delaware
17,0.1298,0.3949,0.3025,0.1729,delaware
18,0.0846,0.3276,0.3044,0.2833,delaware
19,0.1505,0.396,0.2656,0.1879,delaware
20,0.0842,0.2981,0.2844,0.3333,delaware
21,0.0653,0.2579,0.2877,0.3891,delaware
22,0.0321,0.1641,0.2328,0.571,delaware
23,0.0285,0.1877,0.3852,0.3986,delaware
24,0.1279,0.3539,0.2884,0.2298,delaware
25,0.0504,0.2032,0.3805,0.3659,delaware
26,0.1237,0.2454,0.3258,0.305,delaware
27,0.0432,0.2829,0.282,0.3919,delaware
28,0.1572,0.3676,0.3135,0.1617,delaware
29,0.1478,0.3307,0.2705,0.2509,delaware
30,0.1558,0.4048,0.2916,0.1477,delaware
31,0.0936,0.2161,0.431,0.2593,delaware
32,0.1181,0.301,0.3733,0.2076,delaware
33,0.1497,0.3543,0.2931,0.2028,delaware
34,0.0818,0.3011,0.3431,0.2741,delaware
35,0.2102,0.3865,0.28,0.1233,delaware
36,0.1407,0.3397,0.3101,0.2095,delaware
37,0.1755,0.409,0.2577,0.1578,delaware
38,0.0729,0.3012,0.3038,0.3221,delaware
39,0.1848,0.3566,0.3024,0.1562,delaware
40,0.1599,0.4143,0.2902,0.1356,delaware
41,0.2049,0.3917,0.267,0.1363,delaware
1,0.1084,0.2904,0.4032,0.198,florida
2,0.0937,0.2699,0.3734,0.2631,florida
3,0.1143,0.3002,0.3666,0.2189,florida
4,0.0859,0.2572,0.3742,0.2827,florida
5,0.1959,0.3373,0.3049,0.1619,florida
6,0.116,0.3027,0.3671,0.2142,florida
7,0.1955,0.374,0.2989,0.1317,florida
8,0.1297,0.2363,0.4204,0.2136,florida
9,0.0488,0.1595,0.3259,0.4658,florida
10,0.1812,0.3861,0.3061,0.1267,florida
11,0.0828,0.2997,0.3225,0.295,florida
12,0.0871,0.2543,0.3456,0.3129,florida
13,0.1691,0.3377,0.327,0.1662,florida
14,0.1712,0.3465,0.3422,0.1402,florida
15,0.1266,0.3075,0.3548,0.2111,florida
16,0.0757,0.2129,0.3249,0.3865,florida
17,0.0545,0.2072,0.317,0.4214,florida
18,0.0881,0.2973,0.377,0.2377,florida
19,0.209,0.3768,0.2962,0.118,florida
20,0.1299,0.2876,0.3471,0.2354,florida
21,0.0754,0.1984,0.3818,0.3443,florida
22,0.1469,0.3571,0.3202,0.1758,florida
23,0.1402,0.3981,0.3114,0.1504,florida
24,0.1022,0.3223,0.3464,0.229,florida
25,0.0894,0.2975,0.3403,0.2728,florida
26,0.1254,0.3412,0.3596,0.1737,florida
27,0.1167,0.3581,0.3572,0.168,florida
28,0.0742,0.2372,0.3764,0.3122,florida
29,0.0737,0.2273,0.3469,0.3521,florida
30,0.0758,0.2464,0.3439,0.334,florida
31,0.1431,0.3263,0.3224,0.2082,florida
32,0.1249,0.313,0.3417,0.2204,florida
33,0.1065,0.3303,0.3061,0.2571,florida
34,0.1389,0.3779,0.3137,0.1694,florida
35,0.1319,0.3692,0.3476,0.1513,florida
36,0.1424,0.3911,0.3306,0.1358,florida
37,0.0992,0.2957,0.3448,0.2603,florida
38,0.1224,0.3179,0.3244,0.2354,florida
39,0.147,0.3573,0.3041,0.1916,florida
40,0.1301,0.347,0.3123,0.2106,florida
41,0.1853,0.352,0.2932,0.1695,florida
42,0.1596,0.3424,0.335,0.163,florida
43,0.1647,0.3519,0.3413,0.1422,florida
44,0.067,0.1897,0.2982,0.4451,florida
45,0.1799,0.3229,0.3194,0.1777,florida
46,0.1966,0.314,0.3145,0.1748,florida
47,0.0749,0.2286,0.3006,0.3959,florida
48,0.1583,0.3142,0.3423,0.1851,florida
49,0.0937,0.2027,0.449,0.2545,florida
50,0.0842,0.2494,0.3474,0.319,florida
51,0.0976,0.2858,0.3685,0.2481,florida
52,0.078,0.2501,0.3427,0.3291,florida
53,0.1079,0.3281,0.355,0.2091,florida
54,0.1316,0.3155,0.3122,0.2407,florida
55,0.2128,0.3718,0.2813,0.1342,florida
56,0.2289,0.383,0.2436,0.1446,florida
57,0.1092,0.2556,0.3291,0.3061,florida
58,0.178,0.3215,0.2954,0.2051,florida
59,0.0956,0.2842,0.354,0.2662,florida
60,0.0797,0.2088,0.2855,0.426,florida
61,0.2186,0.3556,0.2764,0.1493,florida
62,0.175,0.3418,0.2974,0.1858,florida
63,0.0843,0.2018,0.3468,0.3671,florida
64,0.0565,0.2163,0.3072,0.4199,florida
65,0.0765,0.2746,0.3323,0.3166,florida
66,0.1046,0.3009,0.3311,0.2634,florida
67,0.115,0.3257,0.3478,0.2115,florida
68,0.1016,0.2876,0.3053,0.3055,florida
69,0.0962,0.284,0.3283,0.2915,florida
70,0.2015,0.3482,0.2949,0.1554,florida
71,0.1168,0.313,0.2954,0.2748,florida
72,0.0838,0.2856,0.2978,0.3328,florida
73,0.0673,0.2628,0.3188,0.3511,florida
74,0.0738,0.3461,0.314,0.266,florida
75,0.1132,0.3474,0.3341,0.2053,florida
76,0.1019,0.2511,0.2916,0.3554,florida
77,0.1014,0.3546,0.3311,0.2129,florida
78,0.1531,0.2618,0.2993,0.2859,florida
79,0.1858,0.3702,0.2995,0.1446,florida
80,0.2199,0.2908,0.2656,0.2238,florida
81,0.1234,0.2475,0.297,0.3321,florida
82,0.1055,0.2525,0.3004,0.3416,florida
83,0.1125,0.2851,0.36,0.2424,florida
84,0.1541,0.3439,0.318,0.1841,florida
85,0.0815,0.243,0.3223,0.3532,florida
86,0.1059,0.2566,0.3234,0.3141,florida
87,0.2825,0.3153,0.2672,0.1349,florida
88,0.203,0.3115,0.2863,0.1993,florida
89,0.0725,0.1964,0.3056,0.4255,florida
90,0.1173,0.2784,0.326,0.2784,florida
91,0.0592,0.2212,0.2967,0.4229,florida
92,0.1922,0.3295,0.2862,0.1921,florida
93,0.0754,0.2389,0.2855,0.4002,florida
94,0.2041,0.3155,0.2757,0.2047,florida
95,0.1791,0.3482,0.3084,0.1644,florida
96,0.088,0.2751,0.3154,0.3215,florida
97,0.0942,0.2567,0.3398,0.3092,florida
98,0.0804,0.2304,0.3358,0.3534,florida
99,0.118,0.2865,0.3014,0.294,florida
100,0.0845,0.2087,0.3055,0.4013,florida
101,0.1689,0.3251,0.3329,0.1731,florida
102,0.1453,0.3172,0.347,0.1906,florida
103,0.1623,0.2704,0.3099,0.2574,florida
104,0.0669,0.1929,0.3231,0.4171,florida
105,0.1973,0.2735,0.2628,0.2663,florida
106,0.0863,0.242,0.2708,0.4009,florida
107,0.1846,0.2938,0.3325,0.1891,florida
108,0.2455,0.3053,0.2822,0.1669,florida
109,0.2616,0.347,0.2419,0.1496,florida
110,0.2191,0.331,0.2797,0.1702,florida
111,0.2906,0.3628,0.2142,0.1324,florida
112,0.1473,0.2331,0.2075,0.4121,florida
113,0.1963,0.2544,0.2194,0.3299,florida
114,0.145,0.2381,0.2851,0.3318,florida
115,0.1234,0.2169,0.2863,0.3734,florida
116,0.1462,0.2722,0.2788,0.3028,florida
117,0.2538,0.3303,0.2817,0.1342,florida
118,0.1387,0.2813,0.3255,0.2544,florida
119,0.1387,0.2614,0.3219,0.2781,florida
120,0.1783,0.2893,0.3064,0.226,florida
1,0.211,0.3529,0.3027,0.1334,georgia
2,0.1723,0.3593,0.315,0.1535,georgia
3,0.1436,0.3291,0.3501,0.1771,georgia
4,0.3262,0.2781,0.2706,0.1251,georgia
5,0.2612,0.3496,0.2713,0.1179,georgia
6,0.2985,0.3106,0.2782,0.1127,georgia
7,0.1765,0.3716,0.2664,0.1855,georgia
8,0.1289,0.3298,0.3182,0.2231,georgia
9,0.1511,0.2773,0.3379,0.2336,georgia
10,0.1952,0.3351,0.3002,0.1696,georgia
11,0.2052,0.3328,0.2866,0.1755,georgia
12,0.2164,0.349,0.3021,0.1325,georgia
13,0.2294,0.2898,0.2927,0.1881,georgia
14,0.1848,0.3717,0.2998,0.1438,georgia
15,0.1914,0.3144,0.2974,0.1968,georgia
16,0.2454,0.3729,0.2653,0.1165,georgia
17,0.1207,0.3339,0.3196,0.2259,georgia
18,0.2074,0.3226,0.3077,0.1623,georgia
19,0.1019,0.3445,0.3294,0.2243,georgia
20,0.0821,0.2274,0.3401,0.3504,georgia
21,0.0979,0.2476,0.3306,0.3239,georgia
22,0.093,0.2088,0.2851,0.4131,georgia
23,0.1804,0.2837,0.3001,0.2358,georgia
24,0.1046,0.1996,0.2888,0.407,georgia
25,0.0527,0.1179,0.2239,0.6055,georgia
26,0.0932,0.2438,0.3054,0.3575,georgia
27,0.2019,0.3012,0.3016,0.1954,georgia
28,0.2173,0.38,0.2609,0.1418,georgia
29,0.306,0.2708,0.253,0.1702,georgia
30,0.215,0.3027,0.2815,0.2008,georgia
31,0.1788,0.3425,0.3031,0.1756,georgia
32,0.211,0.3871,0.2827,0.1192,georgia
33,0.1817,0.4128,0.2677,0.1378,georgia
34,0.0668,0.196,0.366,0.3712,georgia
35,0.088,0.2006,0.3557,0.3557,georgia
36,0.0502,0.181,0.2969,0.4719,georgia
37,0.1353,0.2208,0.278,0.3659,georgia
38,0.1109,0.2757,0.3144,0.299,georgia
39,0.1704,0.2638,0.2865,0.2792,georgia
40,0.0387,0.1347,0.2195,0.6071,georgia
41,0.2203,0.2767,0.2858,0.2172,georgia
42,0.181,0.2199,0.3219,0.2772,georgia
43,0.0409,0.1266,0.2494,0.5831,georgia
44,0.0513,0.2082,0.3415,0.399,georgia
45,0.025,0.1199,0.2263,0.6288,georgia
46,0.0463,0.1743,0.2867,0.4927,georgia
47,0.0381,0.1174,0.216,0.6285,georgia
48,0.1142,0.1927,0.2382,0.4549,georgia
49,0.04,0.1163,0.2377,0.606,georgia
50,0.0631,0.132,0.2127,0.5923,georgia
51,0.0478,0.1467,0.2636,0.5419,georgia
52,0.0771,0.1012,0.1822,0.6395,georgia
53,0.1082,0.2296,0.2356,0.4266,georgia
54,0.0323,0.0738,0.1488,0.7451,georgia
55,0.126,0.2126,0.2527,0.4087,georgia
56,0.0713,0.1511,0.4755,0.3021,georgia
57,0.1161,0.1795,0.2755,0.429,georgia
58,0.115,0.2038,0.3021,0.3791,georgia
59,0.136,0.2459,0.2776,0.3405,georgia
60,0.2132,0.3342,0.289,0.1636,georgia
61,0.114,0.2898,0.328,0.2682,georgia
62,0.0847,0.2509,0.3204,0.344,georgia
63,0.093,0.2519,0.3572,0.2979,georgia
64,0.1067,0.287,0.3243,0.282,georgia
65,0.1251,0.3082,0.314,0.2528,georgia
66,0.1251,0.2929,0.3446,0.2374,georgia
67,0.137,0.3497,0.3047,0.2086,georgia
68,0.1677,0.3565,0.3127,0.163,georgia
69,0.1526,0.3601,0.3184,0.1689,georgia
70,0.1263,0.3255,0.3021,0.2461,georgia
71,0.097,0.2886,0.3012,0.3132,georgia
72,0.0609,0.2022,0.2799,0.457,georgia
73,0.1595,0.354,0.3031,0.1833,georgia
74,0.2023,0.3413,0.3162,0.1401,georgia
75,0.1575,0.3525,0.3403,0.1497,georgia
76,0.1492,0.272,0.3307,0.2482,georgia
77,0.1707,0.3429,0.347,0.1393,georgia
78,0.1233,0.3083,0.3381,0.2303,georgia
79,0.0863,0.1216,0.186,0.6061,georgia
80,0.0892,0.1241,0.1568,0.6299,georgia
81,0.2336,0.1946,0.1733,0.3985,georgia
82,0.1183,0.134,0.2624,0.4853,georgia
83,0.1024,0.2276,0.2572,0.4128,georgia
84,0.0957,0.2054,0.3064,0.3925,georgia
85,0.194,0.2479,0.2608,0.2972,georgia
86,0.1571,0.2649,0.2675,0.3105,georgia
87,0.1219,0.248,0.3325,0.2976,georgia
88,0.1147,0.2624,0.3249,0.298,georgia
89,0.1071,0.2555,0.2459,0.3915,georgia
90,0.0946,0.2936,0.349,0.2627,georgia
91,0.0876,0.2913,0.3416,0.2795,georgia
92,0.1571,0.3329,0.3237,0.1863,georgia
93,0.0882,0.2609,0.3569,0.2939,georgia
94,0.1004,0.2377,0.3839,0.278,georgia
95,0.0727,0.1706,0.263,0.4937,georgia
96,0.182,0.263,0.2783,0.2766,georgia
97,0.0775,0.1754,0.2848,0.4622,georgia
98,0.1108,0.2433,0.3181,0.3278,georgia
99,0.3267,0.2802,0.234,0.1591,georgia
100,0.1761,0.3137,0.3089,0.2013,georgia
101,0.1269,0.2612,0.3196,0.2923,georgia
102,0.0902,0.2315,0.3386,0.3396,georgia
103,0.127,0.2437,0.3188,0.3105,georgia
104,0.086,0.2457,0.347,0.3212,georgia
105,0.1011,0.2648,0.3244,0.3097,georgia
106,0.0958,0.2427,0.3679,0.2935,georgia
107,0.1326,0.2249,0.2929,0.3497,georgia
108,0.1454,0.2208,0.2783,0.3555,georgia
109,0.1116,0.2901,0.3309,0.2674,georgia
110,0.1439,0.3359,0.3493,0.1709,georgia
111,0.1069,0.3034,0.3268,0.2628,georgia
112,0.163,0.3393,0.2981,0.1996,georgia
113,0.1612,0.3063,0.3539,0.1787,georgia
114,0.1088,0.3188,0.3707,0.2018,georgia
115,0.1537,0.3937,0.3018,0.1509,georgia
116,0.194,0.3424,0.3127,0.1509,georgia
117,0.1132,0.2236,0.3293,0.3339,georgia
118,0.1431,0.2726,0.3465,0.2378,georgia
119,0.0594,0.173,0.3655,0.4021,georgia
120,0.1968,0.3693,0.2496,0.1842,georgia
121,0.134,0.3284,0.3318,0.2057,georgia
122,0.0697,0.2181,0.3215,0.3907,georgia
123,0.095,0.2478,0.3007,0.3565,georgia
124,0.1826,0.3211,0.3004,0.1959,georgia
125,0.22,0.3617,0.3138,0.1044,georgia
126,0.1596,0.3398,0.3685,0.1322,georgia
127,0.181,0.343,0.3134,0.1626,georgia
128,0.2533,0.4092,0.2348,0.1028,georgia
129,0.1914,0.4012,0.2657,0.1417,georgia
130,0.1896,0.3661,0.277,0.1673,georgia
131,0.1689,0.3835,0.3206,0.127,georgia
132,0.2241,0.3871,0.2831,0.1057,georgia
133,0.1177,0.2813,0.3287,0.2724,georgia
134,0.0603,0.2037,0.4127,0.3232,georgia
135,0.2353,0.3191,0.3151,0.1305,georgia
136,0.1178,0.3063,0.3975,0.1784,georgia
137,0.1673,0.3508,0.3222,0.1597,georgia
138,0.1778,0.3288,0.3274,0.166,georgia
139,0.2432,0.3289,0.3213,0.1066,georgia
140,0.1767,0.3422,0.3291,0.152,georgia
141,0.0805,0.272,0.29,0.3575,georgia
142,0.2004,0.3717,0.2993,0.1286,georgia
143,0.1953,0.3203,0.3063,0.1781,georgia
144,0.1618,0.3914,0.2945,0.1524,georgia
145,0.1665,0.3441,0.3414,0.148,georgia
146,0.079,0.2979,0.3823,0.2408,georgia
147,0.1099,0.3089,0.3741,0.2071,georgia
148,0.192,0.3942,0.2803,0.1335,georgia
149,0.2281,0.4503,0.2297,0.0919,georgia
150,0.1902,0.4327,0.2438,0.1333,georgia
151,0.2506,0.3487,0.2649,0.1358,georgia
152,0.1755,0.3419,0.316,0.1666,georgia
153,0.1842,0.2766,0.3781,0.1611,georgia
154,0.2072,0.3315,0.3232,0.1381,georgia
155,0.1703,0.3712,0.3265,0.132,georgia
156,0.2101,0.3949,0.26,0.1349,georgia
157,0.2466,0.3798,0.2591,0.1145,georgia
158,0.2173,0.3634,0.2805,0.1389,georgia
159,0.1651,0.3757,0.2916,0.1675,georgia
160,0.1049,0.2439,0.4729,0.1783,georgia
161,0.1073,0.2946,0.3149,0.2832,georgia
162,0.156,0.2916,0.3621,0.1904,georgia
163,0.1237,0.2418,0.3444,0.2901,georgia
164,0.0835,0.2653,0.3761,0.2751,georgia
165,0.1337,0.298,0.3559,0.2124,georgia
166,0.042,0.1825,0.3093,0.4663,georgia
167,0.1305,0.3394,0.3326,0.1975,georgia
168,0.1208,0.3301,0.3883,0.1607,georgia
169,0.2268,0.4039,0.2603,0.109,georgia
170,0.2176,0.3777,0.2812,0.1236,georgia
171,0.2369,0.3777,0.2621,0.1234,georgia
172,0.2675,0.3647,0.2486,0.1193,georgia
173,0.2013,0.3468,0.2944,0.1575,georgia
174,0.2117,0.3857,0.2888,0.1139,georgia
175,0.1652,0.3053,0.3108,0.2186,georgia
176,0.1953,0.3521,0.3176,0.1349,georgia
177,0.1637,0.2968,0.3921,0.1475,georgia
178,0.1846,0.4235,0.279,0.1129,georgia
179,0.1375,0.2849,0.3277,0.2499,georgia
180,0.103,0.3297,0.3626,0.2046,georgia
1,0.0854,0.3371,0.3227,0.2548,hawaii
2,0.0734,0.2986,0.3651,0.2629,hawaii
3,0.0905,0.344,0.3363,0.2292,hawaii
4,0.0908,0.3286,0.3496,0.231,hawaii
5,0.1002,0.3254,0.328,0.2464,hawaii
6,0.0977,0.327,0.3029,0.2724,hawaii
7,0.0677,0.3065,0.3432,0.2826,hawaii
8,0.084,0.3353,0.3548,0.226,hawaii
9,0.1347,0.3932,0.3171,0.155,hawaii
10,0.0872,0.3342,0.3283,0.2503,hawaii
11,0.0701,0.2825,0.3599,0.2876,hawaii
12,0.0563,0.2828,0.3845,0.2763,hawaii
13,0.0661,0.3579,0.3215,0.2546,hawaii
14,0.0623,0.3077,0.3466,0.2834,hawaii
15,0.087,0.3592,0.325,0.2288,hawaii
16,0.0874,0.2997,0.3481,0.2649,hawaii
17,0.0317,0.1654,0.2806,0.5222,hawaii
18,0.0379,0.1578,0.2623,0.542,hawaii
19,0.0544,0.2121,0.2767,0.4568,hawaii
20,0.0703,0.2363,0.2812,0.4123,hawaii
21,0.1021,0.2461,0.3304,0.3215,hawaii
22,0.0594,0.1722,0.3339,0.4346,hawaii
23,0.0375,0.1853,0.3633,0.414,hawaii
24,0.0644,0.2498,0.2895,0.3964,hawaii
25,0.0683,0.2163,0.3103,0.405,hawaii
26,0.0915,0.2072,0.2738,0.4275,hawaii
27,0.171,0.2577,0.2653,0.306,hawaii
28,0.1932,0.3272,0.3077,0.1719,hawaii
29,0.279,0.2741,0.2787,0.1683,hawaii
30,0.1469,0.3369,0.3648,0.1514,hawaii
31,0.073,0.2667,0.4025,0.2578,hawaii
32,0.0992,0.2708,0.3212,0.3087,hawaii
33,0.0504,0.2498,0.3302,0.3696,hawaii
34,0.0743,0.3178,0.3507,0.2572,hawaii
35,0.0941,0.3645,0.3638,0.1776,hawaii
36,0.0339,0.2117,0.3646,0.3897,hawaii
37,0.0304,0.2181,0.3907,0.3609,hawaii
38,0.1551,0.3587,0.3233,0.1628,hawaii
39,0.0866,0.2682,0.4023,0.2429,hawaii
40,0.0922,0.3324,0.3808,0.1946,hawaii
41,0.0827,0.2726,0.3905,0.2542,hawaii
42,0.0542,0.2825,0.395,0.2682,hawaii
43,0.124,0.441,0.3123,0.1228,hawaii
44,0.1482,0.4356,0.3053,0.1109,hawaii
45,0.0567,0.3244,0.426,0.1929,hawaii
46,0.0973,0.3599,0.3657,0.1771,hawaii
47,0.0676,0.255,0.3635,0.3139,hawaii
48,0.0541,0.2827,0.2982,0.365,hawaii
49,0.0553,0.3003,0.3111,0.3334,hawaii
50,0.0436,0.2533,0.3404,0.3627,hawaii
51,0.0619,0.3037,0.3049,0.3295,hawaii
1,0.3334,0.3434,0.2359,0.0874,illinois
2,0.287,0.2777,0.2209,0.2143,illinois
3,0.2763,0.2974,0.2714,0.1549,illinois
4,0.1943,0.1932,0.1993,0.4132,illinois
5,0.0922,0.1561,0.2801,0.4716,illinois
6,0.1788,0.2843,0.239,0.2978,illinois
7,0.1137,0.2692,0.3214,0.2957,illinois
8,0.1585,0.309,0.292,0.2405,illinois
9,0.1441,0.1892,0.2539,0.4128,illinois
10,0.1707,0.2349,0.2261,0.3683,illinois
11,0.0504,0.0881,0.1575,0.704,illinois
12,0.0169,0.0632,0.1476,0.7723,illinois
13,0.1173,0.1665,0.2229,0.4933,illinois
14,0.1183,0.1762,0.2624,0.4431,illinois
15,0.106,0.2226,0.2797,0.3916,illinois
16,0.1302,0.2121,0.2394,0.4184,illinois
17,0.0547,0.1418,0.2035,0.6,illinois
18,0.0441,0.1146,0.2093,0.632,illinois
19,0.1148,0.2903,0.3127,0.2823,illinois
20,0.1032,0.2597,0.303,0.3341,illinois
21,0.3412,0.3085,0.2398,0.1105,illinois
22,0.2509,0.3491,0.2732,0.1268,illinois
23,0.2549,0.324,0.2637,0.1575,illinois
24,0.2971,0.2884,0.2773,0.1371,illinois
25,0.1415,0.2194,0.3125,0.3266,illinois
26,0.0845,0.1485,0.267,0.5,illinois
27,0.1258,0.2858,0.3583,0.2301,illinois
28,0.1412,0.2968,0.3622,0.1998,illinois
29,0.1136,0.3036,0.3782,0.2045,illinois
30,0.1487,0.3296,0.3463,0.1754,illinois
31,0.1319,0.3285,0.3516,0.1881,illinois
32,0.1893,0.3472,0.3302,0.1333,illinois
33,0.13,0.3056,0.3875,0.1768,illinois
34,0.12,0.3039,0.3792,0.1969,illinois
35,0.0712,0.2384,0.3382,0.3523,illinois
36,0.0866,0.299,0.3303,0.2841,illinois
37,0.0492,0.2458,0.3164,0.3886,illinois
38,0.0739,0.2721,0.3668,0.2872,illinois
39,0.224,0.2685,0.2457,0.2617,illinois
40,0.2086,0.2244,0.2381,0.329,illinois
41,0.0445,0.1421,0.2492,0.5643,illinois
42,0.0634,0.153,0.2651,0.5185,illinois
43,0.2808,0.2955,0.2745,0.1492,illinois
44,0.1374,0.2573,0.2832,0.322,illinois
45,0.0777,0.2494,0.3172,0.3556,illinois
46,0.137,0.2556,0.3134,0.294,illinois
47,0.0477,0.1477,0.2321,0.5726,illinois
48,0.0484,0.165,0.2966,0.4901,illinois
49,0.0995,0.2093,0.2893,0.4019,illinois
50,0.0557,0.2263,0.3294,0.3886,illinois
51,0.0446,0.1388,0.2324,0.5842,illinois
52,0.0675,0.2166,0.3219,0.3939,illinois
53,0.0698,0.1895,0.2717,0.4689,illinois
54,0.0707,0.1705,0.2704,0.4884,illinois
55,0.106,0.241,0.2995,0.3534,illinois
56,0.0686,0.2143,0.3201,0.397,illinois
57,0.1125,0.2028,0.2428,0.4419,illinois
58,0.0424,0.1606,0.2076,0.5894,illinois
59,0.094,0.1857,0.23,0.4902,illinois
60,0.2688,0.3144,0.2837,0.1331,illinois
61,0.0867,0.2692,0.3275,0.3166,illinois
62,0.1377,0.2576,0.3099,0.2948,illinois
63,0.1152,0.335,0.3362,0.2136,illinois
64,0.0655,0.2857,0.3472,0.3015,illinois
65,0.0672,0.2181,0.3125,0.4022,illinois
66,0.0682,0.2205,0.3277,0.3835,illinois
67,0.2247,0.351,0.3168,0.1074,illinois
68,0.0938,0.3093,0.3493,0.2476,illinois
69,0.1048,0.3233,0.3174,0.2545,illinois
70,0.0635,0.2455,0.4137,0.2773,illinois
71,0.1058,0.3455,0.355,0.1937,illinois
72,0.1284,0.3113,0.3718,0.1885,illinois
73,0.0715,0.2706,0.3213,0.3366,illinois
74,0.0949,0.3629,0.3437,0.1985,illinois
75,0.0916,0.3419,0.3488,0.2177,illinois
76,0.1167,0.3715,0.3576,0.1542,illinois
77,0.259,0.3322,0.2785,0.1303,illinois
78,0.1135,0.2386,0.2846,0.3634,illinois
79,0.125,0.3363,0.3698,0.1689,illinois
80,0.1004,0.2559,0.3555,0.2881,illinois
81,0.0404,0.1732,0.2851,0.5013,illinois
82,0.047,0.2081,0.2928,0.4521,illinois
83,0.3245,0.2746,0.261,0.1399,illinois
84,0.1412,0.1834,0.2738,0.4016,illinois
85,0.1366,0.2841,0.3339,0.2454,illinois
86,0.1857,0.364,0.3065,0.1438,illinois
87,0.1077,0.3346,0.3554,0.2023,illinois
88,0.0636,0.2674,0.3304,0.3385,illinois
89,0.0891,0.3593,0.3615,0.1901,illinois
90,0.1098,0.3319,0.3656,0.1927,illinois
91,0.1054,0.37,0.3659,0.1587,illinois
92,0.1279,0.2997,0.3729,0.1994,illinois
93,0.1166,0.3534,0.3599,0.1701,illinois
94,0.095,0.359,0.3474,0.1986,illinois
95,0.1207,0.3856,0.3347,0.159,illinois
96,0.1478,0.3624,0.3211,0.1687,illinois
97,0.0661,0.2379,0.3174,0.3786,illinois
98,0.0919,0.2685,0.3439,0.2957,illinois
99,0.052,0.231,0.3134,0.4035,illinois
100,0.1018,0.4084,0.3287,0.1611,illinois
101,0.0607,0.3265,0.3328,0.2799,illinois
102,0.1009,0.35,0.3245,0.2246,illinois
103,0.0457,0.1638,0.4573,0.3333,illinois
104,0.1142,0.333,0.3133,0.2394,illinois
105,0.0371,0.2028,0.3752,0.385,illinois
106,0.1151,0.3968,0.3274,0.1608,illinois
107,0.1305,0.3663,0.3418,0.1614,illinois
108,0.0745,0.2769,0.3634,0.2853,illinois
109,0.1347,0.3518,0.3674,0.1461,illinois
110,0.1048,0.3132,0.3977,0.1844,illinois
111,0.0961,0.349,0.3819,0.1731,illinois
112,0.0618,0.2637,0.365,0.3094,illinois
113,0.1064,0.2903,0.3904,0.213,illinois
114,0.1089,0.2976,0.3663,0.2272,illinois
115,0.1112,0.3047,0.3664,0.2177,illinois
116,0.1222,0.3668,0.3376,0.1734,illinois
117,0.1095,0.3203,0.3907,0.1795,illinois
118,0.144,0.3062,0.3971,0.1528,illinois
1,0.1984,0.3785,0.2981,0.125,indiana
2,0.2396,0.3538,0.3158,0.0908,indiana
3,0.1685,0.3852,0.3194,0.1269,indiana
4,0.0646,0.2811,0.329,0.3254,indiana
5,0.1138,0.3011,0.2988,0.2862,indiana
6,0.1678,0.3128,0.297,0.2224,indiana
7,0.1538,0.3641,0.3049,0.1772,indiana
8,0.0803,0.2655,0.3377,0.3165,indiana
9,0.1363,0.3746,0.3055,0.1835,indiana
10,0.1151,0.3947,0.3269,0.1633,indiana
11,0.0905,0.376,0.3401,0.1935,indiana
12,0.0872,0.3165,0.309,0.2873,indiana
13,0.111,0.4011,0.3137,0.1742,indiana
14,0.1285,0.3565,0.3601,0.1549,indiana
15,0.069,0.3297,0.3233,0.278,indiana
16,0.1445,0.4209,0.3047,0.1299,indiana
17,0.1635,0.4036,0.2724,0.1605,indiana
18,0.1259,0.3911,0.298,0.1849,indiana
19,0.0912,0.3493,0.2967,0.2628,indiana
20,0.1345,0.4137,0.3031,0.1487,indiana
21,0.1805,0.3681,0.2766,0.1748,indiana
22,0.1731,0.3759,0.2702,0.1808,indiana
23,0.1812,0.4063,0.2972,0.1153,indiana
24,0.0377,0.113,0.2028,0.6465,indiana
25,0.1016,0.3817,0.3135,0.2033,indiana
26,0.0595,0.215,0.4084,0.3171,indiana
27,0.104,0.259,0.3864,0.2506,indiana
28,0.074,0.3053,0.3215,0.2991,indiana
29,0.0875,0.2343,0.2951,0.3831,indiana
30,0.1482,0.3908,0.3168,0.1443,indiana
31,0.1291,0.4139,0.3217,0.1353,indiana
32,0.1026,0.3586,0.3065,0.2323,indiana
33,0.14,0.4382,0.2964,0.1254,indiana
34,0.1089,0.279,0.4343,0.1779,indiana
35,0.1118,0.3838,0.3015,0.2029,indiana
36,0.1464,0.3785,0.3318,0.1434,indiana
37,0.0352,0.1287,0.2535,0.5826,indiana
38,0.1219,0.3907,0.3002,0.1871,indiana
39,0.0372,0.1261,0.221,0.6156,indiana
40,0.0821,0.2573,0.3081,0.3526,indiana
41,0.1177,0.3957,0.2975,0.189,indiana
42,0.1236,0.4199,0.3143,0.1421,indiana
43,0.139,0.3035,0.3798,0.1777,indiana
44,0.1113,0.4196,0.3364,0.1327,indiana
45,0.1256,0.3747,0.3597,0.14,indiana
46,0.1226,0.3523,0.3114,0.2137,indiana
47,0.1079,0.3455,0.2959,0.2507,indiana
48,0.1724,0.386,0.2772,0.1644,indiana
49,0.2296,0.326,0.2485,0.1958,indiana
50,0.1112,0.4087,0.3081,0.172,indiana
51,0.2611,0.3293,0.267,0.1426,indiana
52,0.0916,0.3644,0.3203,0.2238,indiana
53,0.094,0.3635,0.3235,0.219,indiana
54,0.1337,0.4344,0.2827,0.1493,indiana
55,0.1493,0.4116,0.2802,0.1589,indiana
56,0.1583,0.3841,0.3044,0.1532,indiana
57,0.113,0.4037,0.2999,0.1834,indiana
58,0.0897,0.3412,0.3158,0.2534,indiana
59,0.1042,0.3368,0.2561,0.3029,indiana
